0.0 0 0.0
0.01 0 -0.119800618462
0.02 0 -0.109195443218
0.03 0 -0.105894178657
0.04 0 -0.105036351166
0.05 0 -0.103671056241
0.06 0 -0.102421082525
0.07 0 -0.102311163391
0.08 0 -0.102091552316
0.09 0 -0.101681228185
0.1 0 -0.100758449858
0.11 0 -0.101253382671
0.12 0 -0.100731985796
0.13 0 -0.100451395249
0.14 0 -0.10024539028
0.15 0 -0.100468191918
0.16 0 -0.100008613218
0.17 0 -0.100007762355
0.18 0 -0.100330775918
0.19 0 -0.100202987315
0.2 0 -0.0996558910205
0.21 0 -0.100438954666
0.22 0 -0.100348868656
0.23 0 -0.100360087384
0.24 0 -0.100384664051
0.25 0 -0.0999298944965
0.26 0 -0.0999134074401
0.27 0 -0.0994345013765
0.28 0 -0.0999448596726
0.29 0 -0.0998999260446
0.3 0 -0.0992047786307
0.31 0 -0.0992841041662
0.32 0 -0.0989882751729
0.33 0 -0.0992723281944
0.34 0 -0.0990735831525
0.35 0 -0.0994239226105
0.36 0 -0.0990297468259
0.37 0 -0.099108242373
0.38 0 -0.0990552524308
0.39 0 -0.0986433111457
0.4 0 -0.0987545888458
0.41 0 -0.0992401497467
0.42 0 -0.0986454644431
0.43 0 -0.0988163355202
0.44 0 -0.0988064003109
0.45 0 -0.0987250084598
0.46 0 -0.0986550281986
0.47 0 -0.098849223602
0.48 0 -0.0984576576012
0.49 0 -0.0983815510906
0.5 0 -0.0977688681504
0.51 0 -0.0981701826252
0.52 0 -0.0983084673416
0.53 0 -0.0981351927696
0.54 0 -0.0981828105314
0.55 0 -0.0979220079822
0.56 0 -0.0974743303757
0.57 0 -0.0977643911411
0.58 0 -0.0978384348553
0.59 0 -0.0977293482694
0.6 0 -0.0973202463735
0.61 0 -0.0977600909198
0.62 0 -0.0975027227106
0.63 0 -0.0974938733734
0.64 0 -0.0974691053189
0.65 0 -0.0976392663555
0.66 0 -0.0969779824837
0.67 0 -0.0974685376799
0.68 0 -0.0967054948059
0.69 0 -0.0972528042336
0.7 0 -0.0971259839322
0.71 0 -0.0970427516053
0.72 0 -0.0971250001665
0.73 0 -0.0966595346921
0.74 0 -0.0968539527328
0.75 0 -0.0964418267025
0.76 0 -0.0966813417408
0.77 0 -0.0962875205878
0.78 0 -0.0963773051348
0.79 0 -0.0965793719102
0.8 0 -0.0963660102604
0.81 0 -0.0961953406876
0.82 0 -0.0960162969739
0.83 0 -0.096410995658
0.84 0 -0.096266427004
0.85 0 -0.0960870343508
0.86 0 -0.0961771076609
0.87 0 -0.0958296290798
0.88 0 -0.0962037520014
0.89 0 -0.0958953932583
0.9 0 -0.0958895914396
0.91 0 -0.0954334367988
0.92 0 -0.0955706744415
0.93 0 -0.0955641929456
0.94 0 -0.0953870324665
0.95 0 -0.095601545029
0.96 0 -0.0953435502666
0.97 0 -0.0952944359904
0.98 0 -0.0953748219845
0.99 0 -0.0950450428407
1.0 0 -0.0950953697416
