0.0 0 0.0
0.01 0 0.0784661810614
0.02 0 0.0850861004247
0.03 0 0.0864098614958
0.04 0 0.0864440818657
0.05 0 0.0863802301744
0.06 0 0.087173077855
0.07 0 0.0846673864672
0.08 0 0.0855433514023
0.09 0 0.0860322731401
0.1 0 0.085828738537
0.11 0 0.0861009701034
0.12 0 0.086970686687
0.13 0 0.0866059885518
0.14 0 0.0854603512942
0.15 0 0.0862335265032
0.16 0 0.0861480772799
0.17 0 0.0863012638519
0.18 0 0.0868741424267
0.19 0 0.0863505922385
0.2 0 0.0869656710356
0.21 0 0.0868817092473
0.22 0 0.0861555844092
0.23 0 0.0868973926481
0.24 0 0.0878470923683
0.25 0 0.0875588893948
0.26 0 0.0875896195044
0.27 0 0.0875670433942
0.28 0 0.0876103005933
0.29 0 0.0870238358847
0.3 0 0.0874099855548
0.31 0 0.0873337374039
0.32 0 0.0878395146647
0.33 0 0.0879067421005
0.34 0 0.0873937519347
0.35 0 0.0879075600399
0.36 0 0.0885106156333
0.37 0 0.0878939822697
0.38 0 0.0878208665218
0.39 0 0.0875490075596
0.4 0 0.0881087476924
0.41 0 0.0882432680863
0.42 0 0.088595495027
0.43 0 0.088246310321
0.44 0 0.0885555264741
0.45 0 0.0885250884712
0.46 0 0.0886683515396
0.47 0 0.0885261421137
0.48 0 0.088383038554
0.49 0 0.0890649255812
0.5 0 0.0891209205159
0.51 0 0.0893470975524
0.52 0 0.0890601779355
0.53 0 0.0886022755968
0.54 0 0.0892892940447
0.55 0 0.0896982802593
0.56 0 0.0897344874486
0.57 0 0.0893726206187
0.58 0 0.0898316110647
0.59 0 0.089865595017
0.6 0 0.0898762821651
0.61 0 0.0895587380328
0.62 0 0.0904467040444
0.63 0 0.0894386908707
0.64 0 0.090338680339
0.65 0 0.0902397702772
0.66 0 0.090686148741
0.67 0 0.0906740017448
0.68 0 0.0901875849503
0.69 0 0.0900546351715
0.7 0 0.090491489834
0.71 0 0.0908397369557
0.72 0 0.0905736492361
0.73 0 0.0906153527041
0.74 0 0.0906028707326
0.75 0 0.0903932001109
0.76 0 0.0911255245705
0.77 0 0.0910680684155
0.78 0 0.0911873212241
0.79 0 0.0914024516962
0.8 0 0.0914323214909
0.81 0 0.0911877273412
0.82 0 0.0912038165323
0.83 0 0.0917880253101
0.84 0 0.0913113024842
0.85 0 0.0917301085398
0.86 0 0.0917986962214
0.87 0 0.0913727130453
0.88 0 0.092363505455
0.89 0 0.0918694987499
0.9 0 0.0921971138205
0.91 0 0.0915373729836
0.92 0 0.0924410314182
0.93 0 0.092256801896
0.94 0 0.0926120372945
0.95 0 0.0922576076087
0.96 0 0.0928086050052
0.97 0 0.0923478362567
0.98 0 0.0922938698006
0.99 0 0.092340166554
1.0 0 0.0927340190957
