0.0 0 0.0
0.01 0 0.16128466483
0.02 0 0.159626513841
0.03 0 0.160437731911
0.04 0 0.159223955051
0.05 0 0.159750372544
0.06 0 0.157551576466
0.07 0 0.159834685124
0.08 0 0.160138465958
0.09 0 0.159768703809
0.1 0 0.159399005365
0.11 0 0.159277689901
0.12 0 0.159095601887
0.13 0 0.159472808186
0.14 0 0.159677448756
0.15 0 0.159716629064
0.16 0 0.159366011753
0.17 0 0.159856073842
0.18 0 0.159776425484
0.19 0 0.159919239418
0.2 0 0.159654562311
0.21 0 0.159724488656
0.22 0 0.159854578874
0.23 0 0.160444794981
0.24 0 0.159905896546
0.25 0 0.160810011685
0.26 0 0.159460401423
0.27 0 0.160067004669
0.28 0 0.160665573799
0.29 0 0.160666140677
0.3 0 0.160461854851
0.31 0 0.16037543446
0.32 0 0.160668981166
0.33 0 0.1610503538
0.34 0 0.160593756135
0.35 0 0.160590066351
0.36 0 0.160615840691
0.37 0 0.160905004356
0.38 0 0.160691455511
0.39 0 0.16059503317
0.4 0 0.160126191285
0.41 0 0.160971373326
0.42 0 0.161221065314
0.43 0 0.161714266812
0.44 0 0.161821174726
0.45 0 0.16087395345
0.46 0 0.161458151767
0.47 0 0.161033295063
0.48 0 0.161327956448
0.49 0 0.162371356661
0.5 0 0.161368173167
0.51 0 0.161589727655
0.52 0 0.161882690661
0.53 0 0.161434234554
0.54 0 0.162104683554
0.55 0 0.162114153674
0.56 0 0.16176592416
0.57 0 0.161811211788
0.58 0 0.162684581851
0.59 0 0.161762436928
0.6 0 0.161980521805
0.61 0 0.162864901028
0.62 0 0.162187855121
0.63 0 0.162218023194
0.64 0 0.16324341412
0.65 0 0.162423874945
0.66 0 0.162209828495
0.67 0 0.162514139894
0.68 0 0.162460676737
0.69 0 0.162557274955
0.7 0 0.163041103695
0.71 0 0.162806834056
0.72 0 0.162644115783
0.73 0 0.162919133065
0.74 0 0.162830952617
0.75 0 0.16320106502
0.76 0 0.163011729161
0.77 0 0.162727918041
0.78 0 0.162915900448
0.79 0 0.163189935619
0.8 0 0.163436099802
0.81 0 0.163839218838
0.82 0 0.163808698589
0.83 0 0.163814734816
0.84 0 0.163906260563
0.85 0 0.164221223752
0.86 0 0.164304935018
0.87 0 0.164033722861
0.88 0 0.163924386054
0.89 0 0.164138859652
0.9 0 0.16409749803
0.91 0 0.164117317056
0.92 0 0.164110402552
0.93 0 0.164982016625
0.94 0 0.163929442774
0.95 0 0.164033858797
0.96 0 0.164486510498
0.97 0 0.164531808753
0.98 0 0.164719420976
0.99 0 0.165057657305
1.0 0 0.164779082963
