0.0 0 0.0
0.01 0 0.221842978395
0.02 0 0.22482585851
0.03 0 0.221960960961
0.04 0 0.223483952703
0.05 0 0.223598298222
0.06 0 0.222316413573
0.07 0 0.222813568671
0.08 0 0.222226483135
0.09 0 0.222418855489
0.1 0 0.222932038953
0.11 0 0.222523738443
0.12 0 0.222798526149
0.13 0 0.222917865073
0.14 0 0.2226798502
0.15 0 0.222789316001
0.16 0 0.222741474211
0.17 0 0.22292811645
0.18 0 0.222531537375
0.19 0 0.223568409806
0.2 0 0.223392138457
0.21 0 0.223111249853
0.22 0 0.223357137137
0.23 0 0.223563427572
0.24 0 0.223400548391
0.25 0 0.223357962599
0.26 0 0.223669307496
0.27 0 0.223319074249
0.28 0 0.223281831557
0.29 0 0.223644746697
0.3 0 0.223393957998
0.31 0 0.223279639213
0.32 0 0.223423070689
0.33 0 0.223695016825
0.34 0 0.22428343931
0.35 0 0.223654469027
0.36 0 0.223777224905
0.37 0 0.223998309503
0.38 0 0.223202681552
0.39 0 0.224351315195
0.4 0 0.223641460988
0.41 0 0.224049583683
0.42 0 0.224620846818
0.43 0 0.223766710131
0.44 0 0.224227827343
0.45 0 0.223993883171
0.46 0 0.223866507396
0.47 0 0.224044952239
0.48 0 0.223619634245
0.49 0 0.224330362432
0.5 0 0.224767454117
0.51 0 0.224034836518
0.52 0 0.225199010188
0.53 0 0.224684590793
0.54 0 0.224258085659
0.55 0 0.224843788772
0.56 0 0.224608849961
0.57 0 0.224815764942
0.58 0 0.224451218036
0.59 0 0.224785751152
0.6 0 0.22473845442
0.61 0 0.224430235882
0.62 0 0.224713815125
0.63 0 0.224831627017
0.64 0 0.225515076443
0.65 0 0.225148246349
0.66 0 0.225562255008
0.67 0 0.225145654813
0.68 0 0.224741150185
0.69 0 0.22514016496
0.7 0 0.225411881648
0.71 0 0.225271805244
0.72 0 0.224780692686
0.73 0 0.22496724366
0.74 0 0.225119322059
0.75 0 0.22569335604
0.76 0 0.225407228061
0.77 0 0.225647768896
0.78 0 0.225476420603
0.79 0 0.226200858499
0.8 0 0.22634509598
0.81 0 0.225845425146
0.82 0 0.225948796427
0.83 0 0.225898197496
0.84 0 0.226092234071
0.85 0 0.225807370149
0.86 0 0.226070345459
0.87 0 0.225882716027
0.88 0 0.225995704526
0.89 0 0.226455007398
0.9 0 0.226201661994
0.91 0 0.22615576159
0.92 0 0.226329515339
0.93 0 0.226742639946
0.94 0 0.226367221018
0.95 0 0.226728393062
0.96 0 0.226233778377
0.97 0 0.226774637982
0.98 0 0.227081806153
0.99 0 0.227050361174
1.0 0 0.226323861988
