0.0 0 0.0
0.01 0 0.415008506616
0.02 0 0.415333448954
0.03 0 0.410678290816
0.04 0 0.411939646544
0.05 0 0.409832639345
0.06 0 0.410817333874
0.07 0 0.409474141136
0.08 0 0.410253105778
0.09 0 0.409354671406
0.1 0 0.409915107678
0.11 0 0.409217184396
0.12 0 0.40969215917
0.13 0 0.409114966744
0.14 0 0.409528117753
0.15 0 0.409044426337
0.16 0 0.409412212035
0.17 0 0.408990398668
0.18 0 0.409357643954
0.19 0 0.408942055856
0.2 0 0.409282957786
0.21 0 0.409550829771
0.22 0 0.40921761698
0.23 0 0.409563061245
0.24 0 0.409164021239
0.25 0 0.409392679696
0.26 0 0.409119339992
0.27 0 0.409360817543
0.28 0 0.409159942927
0.29 0 0.409535209143
0.3 0 0.409045822142
0.31 0 0.409475801566
0.32 0 0.409085263178
0.33 0 0.409285871379
0.34 0 0.40918760544
0.35 0 0.409245100906
0.36 0 0.409049910633
0.37 0 0.409390108501
0.38 0 0.409084454221
0.39 0 0.409175856342
0.4 0 0.408946092617
0.41 0 0.409146614558
0.42 0 0.409301841743
0.43 0 0.409327885982
0.44 0 0.409217820295
0.45 0 0.409162247062
0.46 0 0.409189693563
0.47 0 0.409137490724
0.48 0 0.409304516954
0.49 0 0.409023298099
0.5 0 0.409185799071
0.51 0 0.409136811384
0.52 0 0.409161308796
0.53 0 0.408988982722
0.54 0 0.409237133255
0.55 0 0.409175987571
0.56 0 0.409253450702
0.57 0 0.409038212087
0.58 0 0.409229333724
0.59 0 0.409136083651
0.6 0 0.409169992898
0.61 0 0.409228385047
0.62 0 0.409187062221
0.63 0 0.409361559756
0.64 0 0.409098476818
0.65 0 0.409371630563
0.66 0 0.409218245866
0.67 0 0.409213149806
0.68 0 0.40906732562
0.69 0 0.409228038348
0.7 0 0.409213557902
0.71 0 0.409241343744
0.72 0 0.409112672511
0.73 0 0.409161598638
0.74 0 0.40906798537
0.75 0 0.40911626326
0.76 0 0.409172464888
0.77 0 0.409159819428
0.78 0 0.409157425067
0.79 0 0.409145249651
0.8 0 0.40908685123
0.81 0 0.409167921012
0.82 0 0.409265448874
0.83 0 0.409126181911
0.84 0 0.409275648566
0.85 0 0.40921858658
0.86 0 0.409233173088
0.87 0 0.409204485678
0.88 0 0.409192873018
0.89 0 0.409164393584
0.9 0 0.409112931739
0.91 0 0.409152020259
0.92 0 0.409198105436
0.93 0 0.409235579362
0.94 0 0.40937570514
0.95 0 0.409056458807
0.96 0 0.409265766221
0.97 0 0.409162148944
0.98 0 0.409228664822
0.99 0 0.40924842591
1.0 0 0.409215783126
