0.0 0 0.416160314543
0.01 300 0.417212578377
0.02 600 0.418239890066
0.03 900 0.419243021188
0.04 1200 0.420222716843
0.05 1500 0.421179692794
0.06 1800 0.422114638116
0.07 2100 0.42302821143
0.08 2400 0.423921051838
0.09 2700 0.424793767389
0.1 3000 0.425646951219
0.11 3300 0.426481169436
0.12 3600 0.427296970813
0.13 3900 0.428094877009
0.14 4200 0.42887540025
0.15 4500 0.429639033121
0.16 4800 0.430386244492
0.17 5100 0.43111748017
0.18 5400 0.431833197997
0.19 5700 0.432533809669
0.2 6000 0.43321973283
0.21 6300 0.433891358364
0.22 6600 0.434549067445
0.23 6900 0.435193235258
0.24 7200 0.435824216655
0.25 7500 0.43644235646
0.26 7800 0.437047986542
0.27 8100 0.437641435043
0.28 8400 0.438223011205
0.29 8700 0.438793019366
0.3 9000 0.439351754711
0.31 9300 0.439899501017
0.32 9600 0.440436524947
0.33 9900 0.440963101977
0.34 10200 0.441479482165
0.35 10500 0.44198592049
0.36 10800 0.442482662688
0.37 11100 0.442969939373
0.38 11400 0.443447976462
0.39 11700 0.443916999158
0.4 12000 0.444377223844
0.41 12300 0.444828847401
0.42 12600 0.445272084142
0.43 12900 0.445707123914
0.44 13200 0.446134155742
0.45 13500 0.44655337228
0.46 13800 0.446964949255
0.47 14100 0.447369059735
0.48 14400 0.447765866873
0.49 14700 0.448155546109
0.5 15000 0.448538255897
0.51 15300 0.448914145331
0.52 15600 0.44928337468
0.53 15900 0.449646082323
0.54 16200 0.450002423225
0.55 16500 0.450352519129
0.56 16800 0.450696517119
0.57 17094 0.451023578423
0.58 17400 0.451366744169
0.59 17700 0.451693222969
0.6 18000 0.452014103906
0.61 18300 0.452329519302
0.62 18600 0.452639566549
0.63 18900 0.452944374527
0.64 19200 0.453244040203
0.65 19500 0.453538677946
0.66 19800 0.453828383509
0.67 20100 0.454113266998
0.68 20400 0.454393429679
0.69 20694 0.454659519936
0.7 21000 0.454939939315
0.71 21300 0.455206481987
0.72 21600 0.455468671099
0.73 21900 0.455726589547
0.74 22200 0.45598032551
0.75 22500 0.456229949167
0.76 22800 0.456475561181
0.77 23100 0.456717231413
0.78 23400 0.456955035223
0.79 23700 0.457189039286
0.8 24000 0.457419338884
0.81 24300 0.457645991672
0.82 24600 0.457869062364
0.83 24900 0.45808863058
0.84 25200 0.45830475872
0.85 25500 0.458517510849
0.86 25800 0.458726950518
0.87 26100 0.458933137811
0.88 26400 0.459136139224
0.89 26700 0.459336007312
0.9 27000 0.459532805156
0.91 27300 0.459726590266
0.92 27600 0.459917415334
0.93 27900 0.460105337086
0.94 28200 0.460290399903
0.95 28500 0.46047266248
0.96 28800 0.460652178629
0.97 29100 0.460828992841
0.98 29400 0.461003154272
0.99 29700 0.461174714779
1.0 30000 0.461343710822
