0.0 0 0.416160314543
0.01 300 0.417545534636
0.02 600 0.418899208228
0.03 900 0.420222304301
0.04 1200 0.421515754249
0.05 1500 0.422780449915
0.06 1800 0.424017254546
0.07 2100 0.425226990489
0.08 2400 0.426410458904
0.09 2700 0.427568427601
0.1 3000 0.428701624713
0.11 3300 0.429810766526
0.12 3600 0.43089653969
0.13 3900 0.431959597156
0.14 4200 0.433000580183
0.15 4500 0.434020099092
0.16 4800 0.435018748768
0.17 5100 0.435997091789
0.18 5400 0.436955691398
0.19 5700 0.437895069933
0.2 6000 0.438815746271
0.21 6300 0.439718209547
0.22 6600 0.44060294527
0.23 6900 0.441470417852
0.24 7200 0.442321068636
0.25 7500 0.443155346542
0.26 7800 0.443973649427
0.27 8100 0.444776394233
0.28 8400 0.445563968729
0.29 8700 0.446336765168
0.3 9000 0.447095144179
0.31 9300 0.447839451873
0.32 9600 0.448570043777
0.33 9900 0.449287256093
0.34 10200 0.449991408251
0.35 10500 0.450682821636
0.36 10800 0.451361788373
0.37 11100 0.452028609221
0.38 11400 0.452683576362
0.39 11700 0.453326959812
0.4 12000 0.453959033248
0.41 12300 0.454580059305
0.42 12600 0.455190294929
0.43 12900 0.45578997992
0.44 13200 0.45637935982
0.45 13500 0.456958661835
0.46 13800 0.457528113189
0.47 14100 0.45808794176
0.48 14400 0.458638352356
0.49 14700 0.459179554532
0.5 15000 0.459711752315
0.51 15300 0.46023514451
0.52 15600 0.460749911969
0.53 15900 0.461256254616
0.54 16200 0.461754334036
0.55 16500 0.462244343267
0.56 16800 0.462726450946
0.57 17094 0.46319140571
0.58 17400 0.463667606838
0.59 17700 0.464126984394
0.6 18000 0.46457908853
0.61 18300 0.465024083719
0.62 18600 0.465462108658
0.63 18900 0.465893306002
0.64 19200 0.466317818207
0.65 19500 0.466735775796
0.66 19800 0.467147309621
0.67 20100 0.46755254951
0.68 20400 0.467951623449
0.69 20694 0.468336850114
0.7 21000 0.468731752826
0.71 21300 0.469113039715
0.72 21600 0.469488627968
0.73 21900 0.469858631559
0.74 22200 0.470223153782
0.75 22500 0.470582300277
0.76 22800 0.470936171538
0.77 23100 0.471284875797
0.78 23400 0.47162850406
0.79 23700 0.471967149122
0.8 24000 0.472300913196
0.81 24300 0.472629882324
0.82 24600 0.472954142084
0.83 24900 0.473273780727
0.84 25200 0.473588890605
0.85 25500 0.473899546628
0.86 25800 0.474205830015
0.87 26100 0.474507831259
0.88 26400 0.474805608578
0.89 26700 0.475099251143
0.9 27000 0.475388832455
0.91 27300 0.475674420171
0.92 27600 0.475956084347
0.93 27900 0.476233906949
0.94 28200 0.476507933238
0.95 28500 0.476778243413
0.96 28800 0.477044904255
0.97 29100 0.477307974033
0.98 29400 0.477567515778
0.99 29700 0.477823593013
1.0 30000 0.478076255055
