0.0 0 0.416160314543
0.01 300 0.417878489495
0.02 600 0.41955852861
0.03 900 0.421201588147
0.04 1200 0.422808789933
0.05 1500 0.42438120569
0.06 1800 0.425919868664
0.07 2100 0.427425770165
0.08 2400 0.428899868672
0.09 2700 0.430343082461
0.1 3000 0.431756295984
0.11 3300 0.433140363531
0.12 3600 0.434496106555
0.13 3900 0.435824314313
0.14 4200 0.437125757154
0.15 4500 0.438401162128
0.16 4800 0.439651253367
0.17 5100 0.440876704768
0.18 5400 0.442078180677
0.19 5700 0.443256326663
0.2 6000 0.444411752863
0.21 6300 0.445545061502
0.22 6600 0.446656825006
0.23 6900 0.447747600219
0.24 7200 0.448817929474
0.25 7500 0.449868329781
0.26 7800 0.450899308699
0.27 8100 0.45191135262
0.28 8400 0.452904938346
0.29 8700 0.453880511832
0.3 9000 0.454838527172
0.31 9300 0.455779405198
0.32 9600 0.456703568132
0.33 9900 0.457611413189
0.34 10200 0.458503340179
0.35 10500 0.459379716377
0.36 10800 0.46024091203
0.37 11100 0.461087278867
0.38 11400 0.461919174667
0.39 11700 0.462736919412
0.4 12000 0.463540848465
0.41 12300 0.464331276842
0.42 12600 0.465108505203
0.43 12900 0.465872834143
0.44 13200 0.466624553792
0.45 13500 0.467363949385
0.46 13800 0.468091282653
0.47 14100 0.468806827359
0.48 14400 0.469510835883
0.49 14700 0.470203558953
0.5 15000 0.470885246567
0.51 15300 0.471556134381
0.52 15600 0.472216445648
0.53 15900 0.472866417279
0.54 16200 0.473506251546
0.55 16500 0.474136172375
0.56 16800 0.474756384027
0.57 17094 0.475359235898
0.58 17400 0.475968474756
0.59 17700 0.476560742233
0.6 18000 0.477144073432
0.61 18300 0.477718651556
0.62 18600 0.478284647702
0.63 18900 0.47884224459
0.64 19200 0.479391595188
0.65 19500 0.47993287247
0.66 19800 0.480466233716
0.67 20100 0.480991836447
0.68 20400 0.481509823389
0.69 20694 0.482014178112
0.7 21000 0.482523562681
0.71 21300 0.483019592741
0.72 21600 0.483508588238
0.73 21900 0.483990675436
0.74 22200 0.484465987154
0.75 22500 0.484934645381
0.76 22800 0.485396785492
0.77 23100 0.485852522824
0.78 23400 0.486301974063
0.79 23700 0.486745253847
0.8 24000 0.487182481716
0.81 24300 0.487613769602
0.82 24600 0.488039215575
0.83 24900 0.488458937339
0.84 25200 0.488873021234
0.85 25500 0.489281586425
0.86 25800 0.489684717952
0.87 26100 0.490082518376
0.88 26400 0.490475080601
0.89 26700 0.490862496636
0.9 27000 0.491244855562
0.91 27300 0.491622248217
0.92 27600 0.491994758813
0.93 27900 0.492362472181
0.94 28200 0.492725467918
0.95 28500 0.493083821372
0.96 28800 0.493437629967
0.97 29100 0.493786955267
0.98 29400 0.494131879142
0.99 29700 0.494472467054
1.0 30000 0.49480880383
