0.0 0 0.416160314543
0.01 300 0.418211445568
0.02 600 0.420217846957
0.03 900 0.422180873091
0.04 1200 0.42410182725
0.05 1500 0.425981962632
0.06 1800 0.427822485005
0.07 2100 0.429624551073
0.08 2400 0.431389280968
0.09 2697 0.433091381248
0.1 3000 0.434810967511
0.11 3300 0.436469957234
0.12 3600 0.438095673587
0.13 3900 0.439689032466
0.14 4200 0.441250933301
0.15 4500 0.442782232176
0.16 4800 0.444283760066
0.17 5100 0.445756314627
0.18 5397 0.44717783055
0.19 5697 0.448595084989
0.2 6000 0.450007767395
0.21 6300 0.45137191392
0.22 6600 0.452710702373
0.23 6900 0.454024783344
0.24 7200 0.455314785207
0.25 7500 0.456581316516
0.26 7800 0.457824969077
0.27 8100 0.459046312468
0.28 8400 0.460245899418
0.29 8700 0.461424262372
0.3 9000 0.462581912726
0.31 9300 0.463719363389
0.32 9600 0.464837094514
0.33 9900 0.465935574652
0.34 10200 0.467015270457
0.35 10497 0.468058632476
0.36 10797 0.469102286408
0.37 11097 0.470128429764
0.38 11397 0.471137475476
0.39 11697 0.472129800128
0.4 12000 0.473122663355
0.41 12300 0.474082489328
0.42 12600 0.475026715476
0.43 12900 0.475955692251
0.44 13200 0.476869754964
0.45 13500 0.477769230921
0.46 13800 0.47865444758
0.47 14100 0.479525705748
0.48 14400 0.480383318188
0.49 14700 0.481227570043
0.5 15000 0.482058747797
0.51 15300 0.482877126698
0.52 15600 0.483682986134
0.53 15900 0.48447657912
0.54 16200 0.485258169348
0.55 16500 0.486028001482
0.56 16800 0.486786320491
0.57 17097 0.487519535687
0.58 17400 0.488269341433
0.59 17700 0.488994506178
0.6 18000 0.489709060057
0.61 18300 0.490413220716
0.62 18600 0.491107189154
0.63 18900 0.491791175033
0.64 19200 0.492465374216
0.65 19500 0.49312997016
0.66 19800 0.493785156802
0.67 20100 0.494431116905
0.68 20400 0.495068024635
0.69 20697 0.495683870204
0.7 20997 0.496303313279
0.71 21297 0.496914209367
0.72 21597 0.497516721752
0.73 21897 0.498111009178
0.74 22197 0.498697221087
0.75 22497 0.499275513963
0.76 22797 0.499846023058
0.77 23097 0.500408903352
0.78 23397 0.500964286753
0.79 23700 0.501523363345
0.8 24000 0.502064058038
0.81 24300 0.502597658354
0.82 24600 0.503124292464
0.83 24900 0.503644084346
0.84 25200 0.504157153259
0.85 25500 0.504663620956
0.86 25800 0.505163600017
0.87 26100 0.505657205857
0.88 26400 0.50614455086
0.89 26700 0.50662574204
0.9 27000 0.507100883797
0.91 27300 0.507570076882
0.92 27600 0.508033427034
0.93 27900 0.508491038069
0.94 28200 0.508942997175
0.95 28500 0.509389407993
0.96 28800 0.50983035692
0.97 29100 0.510265936671
0.98 29400 0.510696239255
0.99 29700 0.511121347972
1.0 30000 0.51154135377
