0.0 0 0.416160314543
0.01 300 0.418544401921
0.02 600 0.420877165766
0.03 900 0.423160156844
0.04 1200 0.425394863115
0.05 1500 0.427582718765
0.06 1800 0.429725101613
0.07 2100 0.431823333213
0.08 2400 0.433878688993
0.09 2700 0.435892397274
0.1 3000 0.43786563844
0.11 3300 0.439799557288
0.12 3600 0.441695239445
0.13 3900 0.443553751035
0.14 4200 0.445376111506
0.15 4500 0.447163298962
0.16 4800 0.4489162662
0.17 5100 0.450635928246
0.18 5400 0.452323170412
0.19 5700 0.453978845228
0.2 6000 0.455603778268
0.21 6300 0.457198767649
0.22 6600 0.458764581422
0.23 6900 0.460301965559
0.24 7200 0.461811642892
0.25 7500 0.463294305706
0.26 7800 0.464750633363
0.27 8100 0.466181273559
0.28 8400 0.467586860128
0.29 8700 0.468968003795
0.3 9000 0.470325298067
0.31 9300 0.47165931749
0.32 9600 0.472970618309
0.33 9900 0.47425973563
0.34 10200 0.475527197024
0.35 10500 0.476773506881
0.36 10800 0.477999155224
0.37 11100 0.479204619434
0.38 11400 0.480390367294
0.39 11700 0.481556839863
0.4 12000 0.48270447831
0.41 12300 0.483833702462
0.42 12600 0.484944926263
0.43 12900 0.486038545709
0.44 13200 0.4871149538
0.45 13500 0.488174520475
0.46 13800 0.489217612881
0.47 14100 0.490244593442
0.48 14400 0.491255802204
0.49 14700 0.492251575374
0.5 15000 0.493232242892
0.51 15300 0.494198123072
0.52 15600 0.495149522772
0.53 15900 0.496086750531
0.54 16200 0.497010088081
0.55 16500 0.497919826602
0.56 16800 0.498816248927
0.57 17097 0.499686581294
0.58 17400 0.500570208617
0.59 17700 0.501428265362
0.6 18000 0.50227404357
0.61 18300 0.503107787173
0.62 18600 0.503929729292
0.63 18900 0.504740109929
0.64 19200 0.505539149203
0.65 19500 0.506327066781
0.66 19800 0.50710408042
0.67 20100 0.507870399048
0.68 20400 0.50862622217
0.69 20697 0.509360386531
0.7 21000 0.51010718615
0.71 21300 0.510832708301
0.72 21600 0.511548508878
0.73 21900 0.512254763038
0.74 22200 0.512951651299
0.75 22500 0.513639344473
0.76 22800 0.514318013301
0.77 23100 0.514987814088
0.78 23400 0.515648915087
0.79 23700 0.516301469372
0.8 24000 0.516945628281
0.81 24300 0.517581551383
0.82 24600 0.518209368598
0.83 24900 0.518829236554
0.84 25200 0.519441286353
0.85 25500 0.520045657981
0.86 25800 0.520642487954
0.87 26100 0.521231897119
0.88 26400 0.521814021978
0.89 26700 0.522388983401
0.9 27000 0.522956906369
0.91 27300 0.523517905415
0.92 27600 0.524072101589
0.93 27900 0.524619604438
0.94 28200 0.525160530771
0.95 28500 0.525694986082
0.96 28800 0.526223080363
0.97 29100 0.526744918245
0.98 29400 0.527260599283
0.99 29700 0.527770227716
1.0 30000 0.528273899046
