0.0 0 0.416160314543
0.01 300 0.418877356967
0.02 600 0.421536484668
0.03 900 0.424139439499
0.04 1200 0.426687899253
0.05 1500 0.429183475168
0.06 1800 0.431627715465
0.07 2100 0.434022112272
0.08 2400 0.43636809754
0.09 2700 0.438667054551
0.1 3000 0.440920311934
0.11 3300 0.443129152345
0.12 3600 0.445294807316
0.13 3900 0.447418470601
0.14 4200 0.449501286995
0.15 4500 0.451544367542
0.16 4800 0.453548771445
0.17 5100 0.455515539305
0.18 5400 0.457445662465
0.19 5700 0.459340103764
0.2 6000 0.461199789452
0.21 6300 0.463025619141
0.22 6600 0.464818460317
0.23 6900 0.466579149365
0.24 7200 0.468308499902
0.25 7500 0.4700072943
0.26 7800 0.471676293741
0.27 8100 0.473316232895
0.28 8400 0.474927819534
0.29 8700 0.476511749884
0.3 9000 0.478068682909
0.31 9300 0.479599273001
0.32 9600 0.481104139097
0.33 9900 0.482583895569
0.34 10200 0.48403912524
0.35 10500 0.485470400668
0.36 10800 0.486878277463
0.37 11100 0.488263292028
0.38 11400 0.489625964404
0.39 11700 0.490966800846
0.4 12000 0.492286293722
0.41 12300 0.493584918705
0.42 12600 0.494863137114
0.43 12900 0.496121404072
0.44 13200 0.497360151183
0.45 13500 0.498579807023
0.46 13800 0.49978078017
0.47 14100 0.500963476145
0.48 14400 0.502128283836
0.49 14700 0.503275581977
0.5 15000 0.504405738889
0.51 15300 0.50551911706
0.52 15600 0.506616060003
0.53 15900 0.507696914075
0.54 16200 0.508762005126
0.55 16500 0.509811656866
0.56 16800 0.510846183098
0.57 17097 0.51185363151
0.58 17400 0.512871075124
0.59 17700 0.513862025722
0.6 18000 0.514839026527
0.61 18300 0.5158023533
0.62 18600 0.516752271401
0.63 18900 0.517689043576
0.64 19200 0.518612924944
0.65 19500 0.519524163508
0.66 19800 0.520423004727
0.67 20100 0.521309680244
0.68 20400 0.522184420123
0.69 20697 0.523036897824
0.7 21000 0.52389899616
0.71 21300 0.524739263371
0.72 21600 0.525568468538
0.73 21900 0.526386806965
0.74 22200 0.527194484571
0.75 22500 0.527991695434
0.76 22800 0.528778623017
0.77 23100 0.529555460479
0.78 23400 0.530322386643
0.79 23700 0.531079575399
0.8 24000 0.53182720556
0.81 24300 0.532565438281
0.82 24600 0.533294446761
0.83 24900 0.53401438656
0.84 25200 0.534725418192
0.85 25500 0.535427698471
0.86 25800 0.536121369698
0.87 26100 0.536806588062
0.88 26400 0.537483493865
0.89 26700 0.538152227143
0.9 27000 0.538812928539
0.91 27300 0.539465734656
0.92 27600 0.540110770602
0.93 27900 0.540748171942
0.94 28200 0.541378063021
0.95 28500 0.542000566282
0.96 28800 0.542615806289
0.97 29100 0.543223897609
0.98 29400 0.543824960536
0.99 29700 0.544419106831
1.0 30000 0.545006444529
