0.0 0 0.424103464094
0.01 300 0.228368863286
0.02 600 0.182443161897
0.03 900 0.149163718878
0.04 1200 0.156951634745
0.05 1500 0.158583787787
0.06 1800 0.160671712394
0.07 2100 0.158310727165
0.08 2400 0.158859938191
0.09 2700 0.157043763797
0.1 3000 0.153466432102
0.11 3300 0.14852824096
0.12 3600 0.157347879163
0.13 3900 0.157413247369
0.14 4200 0.158864547767
0.15 4500 0.161137195299
0.16 4800 0.158513138218
0.17 5100 0.162872108364
0.18 5400 0.162263617139
0.19 5700 0.162079835164
0.2 6000 0.158448663607
0.21 6300 0.157458919136
0.22 6600 0.155366937863
0.23 6900 0.157293338959
0.24 7200 0.149270171645
0.25 7500 0.153762560447
0.26 7800 0.160310130406
0.27 8100 0.150643006736
0.28 8400 0.160087379649
0.29 8700 0.159919544634
0.3 9000 0.158253132225
0.31 9300 0.152179343926
0.32 9600 0.157600139717
0.33 9900 0.160207243377
0.34 10200 0.156924406833
0.35 10500 0.162572057258
0.36 10800 0.156219853767
0.37 11100 0.163033281196
0.38 11400 0.16066593325
0.39 11700 0.160438347524
0.4 12000 0.159448733188
0.41 12300 0.156205724266
0.42 12600 0.161636274912
0.43 12900 0.159546981517
0.44 13200 0.158764818903
0.45 13500 0.156178840786
0.46 13800 0.156157717779
0.47 14100 0.160962364469
0.48 14400 0.152133313965
0.49 14700 0.158904305336
0.5 15000 0.150685182807
0.51 15300 0.158437256017
0.52 15600 0.160738999264
0.53 15900 0.159360837023
0.54 16200 0.158270689377
0.55 16500 0.160938908264
0.56 16800 0.158168971515
0.57 17094 0.160049868551
0.58 17400 0.158871047046
0.59 17700 0.160755712943
0.6 18000 0.160750613512
0.61 18300 0.152262006866
0.62 18600 0.160377575423
0.63 18900 0.159658837797
0.64 19200 0.154327299485
0.65 19500 0.155086384617
0.66 19800 0.158210806809
0.67 20100 0.155796087819
0.68 20400 0.160497450496
0.69 20694 0.158702775041
0.7 21000 0.162607663632
0.71 21300 0.152554136185
0.72 21600 0.161224725601
0.73 21900 0.160647790476
0.74 22200 0.158611106093
0.75 22500 0.157938802439
0.76 22800 0.159797176607
0.77 23100 0.161464720791
0.78 23400 0.156437806911
0.79 23700 0.162712072299
0.8 24000 0.161955553478
0.81 24300 0.15995621737
0.82 24600 0.160116660535
0.83 24900 0.152744530567
0.84 25200 0.151094594858
0.85 25500 0.157761420568
0.86 25800 0.16000371687
0.87 26100 0.1535171571
0.88 26400 0.16259388144
0.89 26700 0.148516069739
0.9 27000 0.162832883936
0.91 27300 0.15128487118
0.92 27600 0.151993024805
0.93 27900 0.159809404507
0.94 28200 0.153608257873
0.95 28500 0.150463680279
0.96 28800 0.15699332903
0.97 29100 0.162751283357
0.98 29400 0.158739451277
0.99 29700 0.158531917059
1.0 30000 0.160384710922
