0.0 0 0.435505289256
0.01 300 0.22664716396
0.02 600 0.181911978986
0.03 900 0.161743534083
0.04 1200 0.158262937397
0.05 1500 0.158882342257
0.06 1800 0.159190643765
0.07 2100 0.154002826798
0.08 2400 0.161271793486
0.09 2700 0.158280063129
0.1 3000 0.144135172098
0.11 3300 0.162279518093
0.12 3600 0.161040410554
0.13 3900 0.160994129068
0.14 4200 0.148145019597
0.15 4500 0.160444209031
0.16 4800 0.153332152514
0.17 5100 0.150286975717
0.18 5400 0.154708754274
0.19 5700 0.159546261138
0.2 6000 0.159609833196
0.21 6300 0.15796009107
0.22 6600 0.155481317352
0.23 6900 0.161692856303
0.24 7200 0.15418147583
0.25 7500 0.154326448675
0.26 7800 0.161005590736
0.27 8100 0.160646709015
0.28 8400 0.160904846391
0.29 8700 0.158310796927
0.3 9000 0.158812086093
0.31 9300 0.152486908905
0.32 9600 0.161760779898
0.33 9900 0.157014381061
0.34 10200 0.16102454483
0.35 10500 0.161762853769
0.36 10800 0.154664768135
0.37 11100 0.15931255905
0.38 11400 0.154017859125
0.39 11700 0.158783351673
0.4 12000 0.161384253127
0.41 12300 0.158249954666
0.42 12600 0.156720245862
0.43 12900 0.162057969397
0.44 13200 0.162455385383
0.45 13500 0.157960213162
0.46 13800 0.162675469124
0.47 14100 0.150032762226
0.48 14400 0.153318127872
0.49 14700 0.159624761302
0.5 15000 0.158547627377
0.51 15300 0.159681313906
0.52 15600 0.158207220212
0.53 15900 0.156975388322
0.54 16200 0.15650438518
0.55 16500 0.160117791386
0.56 16800 0.156969085838
0.57 17094 0.161096129144
0.58 17400 0.161667449446
0.59 17700 0.162602563168
0.6 18000 0.155205638565
0.61 18300 0.15948900819
0.62 18600 0.160205304095
0.63 18900 0.159875188471
0.64 19200 0.158649697036
0.65 19500 0.157343376334
0.66 19800 0.144306849016
0.67 20100 0.160251538426
0.68 20400 0.16154789542
0.69 20694 0.149258771561
0.7 21000 0.157921801545
0.71 21300 0.160348312289
0.72 21600 0.151453937256
0.73 21900 0.157847498012
0.74 22200 0.156758336337
0.75 22500 0.159870288476
0.76 22800 0.157703311258
0.77 23100 0.160079366288
0.78 23400 0.16277498862
0.79 23700 0.144000774443
0.8 24000 0.15862021886
0.81 24300 0.157760576809
0.82 24600 0.158702368136
0.83 24900 0.160334835391
0.84 25200 0.155937410559
0.85 25500 0.156165509243
0.86 25800 0.160516149161
0.87 26100 0.150740740741
0.88 26400 0.160716162845
0.89 26700 0.161012083588
0.9 27000 0.158354864132
0.91 27300 0.162023895121
0.92 27600 0.161751400898
0.93 27900 0.160945377532
0.94 28200 0.151169094923
0.95 28500 0.156784144918
0.96 28800 0.155290485201
0.97 29100 0.158223392882
0.98 29400 0.158197671445
0.99 29700 0.159249506854
1.0 30000 0.160209483227
