0.0 0 0.437392857143
0.01 300 0.23626181194
0.02 600 0.182238649466
0.03 900 0.164579450577
0.04 1200 0.163364941936
0.05 1500 0.160819362867
0.06 1800 0.124609745679
0.07 2100 0.159021199819
0.08 2400 0.156249493125
0.09 2700 0.157458919136
0.1 3000 0.157977452557
0.11 3300 0.159484681124
0.12 3600 0.160371784163
0.13 3900 0.161723270845
0.14 4200 0.158710683501
0.15 4500 0.161184921994
0.16 4800 0.159298344312
0.17 5100 0.156756731282
0.18 5400 0.15134898558
0.19 5700 0.157120064621
0.2 6000 0.159816041207
0.21 6300 0.158746734407
0.22 6600 0.150950907122
0.23 6900 0.141320022254
0.24 7200 0.156553588472
0.25 7500 0.156858697121
0.26 7800 0.153569541897
0.27 8100 0.15979028053
0.28 8400 0.153543121599
0.29 8700 0.162313623897
0.3 9000 0.162663341788
0.31 9300 0.158939972202
0.32 9600 0.161104796678
0.33 9900 0.159890490825
0.34 10200 0.156840952788
0.35 10500 0.156828945772
0.36 10800 0.161612423735
0.37 11100 0.150532342208
0.38 11400 0.159108603969
0.39 11700 0.161709219785
0.4 12000 0.161034733391
0.41 12300 0.153167443865
0.42 12600 0.158447433395
0.43 12900 0.15740319071
0.44 13200 0.162696385224
0.45 13500 0.161454611092
0.46 13800 0.160066134262
0.47 14100 0.157286923028
0.48 14400 0.160869893021
0.49 14700 0.161676832533
0.5 15000 0.157625343528
0.51 15300 0.158867406909
0.52 15600 0.147289916621
0.53 15900 0.152282342786
0.54 16200 0.157862072903
0.55 16500 0.155769661065
0.56 16800 0.159621570482
0.57 17094 0.152485883978
0.58 17400 0.160594379476
0.59 17700 0.157497045157
0.6 18000 0.149990601214
0.61 18300 0.160415333238
0.62 18600 0.161664936462
0.63 18900 0.160183596335
0.64 19200 0.157147972324
0.65 19500 0.158888505396
0.66 19800 0.162772574378
0.67 20100 0.160561821
0.68 20400 0.159199658555
0.69 20694 0.1610933179
0.7 21000 0.16074408157
0.71 21300 0.161093352417
0.72 21600 0.160680149748
0.73 21900 0.162793032121
0.74 22200 0.160205304095
0.75 22500 0.157383768077
0.76 22800 0.158443451949
0.77 23100 0.157656810549
0.78 23400 0.155482824865
0.79 23700 0.156584880975
0.8 24000 0.158935384236
0.81 24300 0.160412302338
0.82 24600 0.160274447965
0.83 24900 0.144155582194
0.84 25200 0.159810298603
0.85 25500 0.154969528248
0.86 25800 0.162063821125
0.87 26100 0.150565677098
0.88 26400 0.156228295297
0.89 26700 0.160839735099
0.9 27000 0.15897826347
0.91 27300 0.152593723965
0.92 27600 0.154817666868
0.93 27900 0.151092218075
0.94 28200 0.160559734774
0.95 28500 0.161002552712
0.96 28800 0.155004304516
0.97 29100 0.158136280016
0.98 29400 0.158995274439
0.99 29700 0.156731234546
1.0 30000 0.160225634648
