0.0 0 0.420339876033
0.01 300 0.223704265557
0.02 600 0.181748143075
0.03 900 0.165265272008
0.04 1200 0.163044283539
0.05 1500 0.159124816917
0.06 1800 0.159108508786
0.07 2100 0.15624611434
0.08 2400 0.151409171661
0.09 2697 0.16234704167
0.1 3000 0.158769644196
0.11 3300 0.141190143763
0.12 3600 0.161541706996
0.13 3900 0.152787248382
0.14 4200 0.159756664545
0.15 4500 0.156298545248
0.16 4800 0.159660099096
0.17 5100 0.150106969758
0.18 5397 0.159430065365
0.19 5697 0.158944516179
0.2 6000 0.160263632556
0.21 6300 0.160458244761
0.22 6600 0.160218419304
0.23 6900 0.148297217533
0.24 7200 0.160559263524
0.25 7500 0.158990346656
0.26 7800 0.158599680927
0.27 8100 0.161957650058
0.28 8400 0.157240307885
0.29 8700 0.161194142389
0.3 9000 0.150265549913
0.31 9300 0.160698104298
0.32 9600 0.159550417688
0.33 9900 0.151240195929
0.34 10200 0.152344043823
0.35 10497 0.155519553002
0.36 10797 0.160738502038
0.37 11097 0.157580083668
0.38 11397 0.159398283721
0.39 11697 0.157803582873
0.4 12000 0.160272154386
0.41 12300 0.158223006876
0.42 12600 0.159069352613
0.43 12900 0.154937379814
0.44 13200 0.161036934377
0.45 13500 0.162858186141
0.46 13800 0.159373498909
0.47 14100 0.161548627046
0.48 14400 0.155225451721
0.49 14700 0.158969513672
0.5 15000 0.155176525356
0.51 15300 0.158164618856
0.52 15600 0.157386460768
0.53 15900 0.157914141984
0.54 16200 0.158915715287
0.55 16500 0.152400607826
0.56 16800 0.157970766082
0.57 17097 0.1625885612
0.58 17400 0.161902185626
0.59 17700 0.15848531999
0.6 18000 0.159149918656
0.61 18300 0.161655560226
0.62 18600 0.157169750498
0.63 18900 0.160005047464
0.64 19200 0.158631177143
0.65 19500 0.155514193073
0.66 19800 0.16259984935
0.67 20100 0.150304976313
0.68 20400 0.157119863794
0.69 20697 0.158695576691
0.7 20997 0.159621570482
0.71 21297 0.153568326516
0.72 21597 0.156548933039
0.73 21897 0.159212947216
0.74 22197 0.159783519143
0.75 22497 0.160663491901
0.76 22797 0.163215982694
0.77 23097 0.157896183001
0.78 23397 0.161520850579
0.79 23700 0.158121367752
0.8 24000 0.155302112243
0.81 24300 0.153922203003
0.82 24600 0.158663026255
0.83 24900 0.161179466753
0.84 25200 0.153813839152
0.85 25500 0.158074358117
0.86 25800 0.158532149561
0.87 26100 0.152250106502
0.88 26400 0.162011482784
0.89 26700 0.160072549699
0.9 27000 0.158657076578
0.91 27300 0.160527086808
0.92 27600 0.150310699874
0.93 27900 0.156209424757
0.94 28200 0.162571392772
0.95 28500 0.161047893417
0.96 28800 0.155780148725
0.97 29100 0.160011254701
0.98 29400 0.15558970796
0.99 29700 0.160645422833
1.0 30000 0.156563305964
