0.0 0 0.428118614866
0.01 300 0.228514964441
0.02 600 0.180807858406
0.03 900 0.160353259197
0.04 1200 0.163690257179
0.05 1500 0.163162003553
0.06 1800 0.161176811099
0.07 2100 0.152176064333
0.08 2400 0.157677592088
0.09 2700 0.155199091173
0.1 3000 0.155379361034
0.11 3300 0.158653218684
0.12 3600 0.154077366835
0.13 3900 0.149266073797
0.14 4200 0.161161471027
0.15 4500 0.158289439287
0.16 4800 0.162232418113
0.17 5100 0.146115662288
0.18 5400 0.158753611164
0.19 5700 0.147983285377
0.2 6000 0.160094189305
0.21 6300 0.155020627231
0.22 6600 0.158071028988
0.23 6900 0.159691833547
0.24 7200 0.160099875309
0.25 7500 0.161780368129
0.26 7800 0.158485763755
0.27 8100 0.157513334969
0.28 8400 0.16175273041
0.29 8700 0.155933595294
0.3 9000 0.157347879163
0.31 9300 0.150802495744
0.32 9600 0.160593003532
0.33 9900 0.15721544849
0.34 10200 0.160346733582
0.35 10500 0.153476107202
0.36 10800 0.151465435296
0.37 11100 0.157007135827
0.38 11400 0.161280839703
0.39 11700 0.149742457689
0.4 12000 0.159900797839
0.41 12300 0.158659875709
0.42 12600 0.161077330089
0.43 12900 0.159621300384
0.44 13200 0.158230940866
0.45 13500 0.156890066619
0.46 13800 0.162511630453
0.47 14100 0.160621705636
0.48 14400 0.151156066991
0.49 14700 0.158746530036
0.5 15000 0.163275645006
0.51 15300 0.161457324132
0.52 15600 0.16043786735
0.53 15900 0.157905017896
0.54 16200 0.161903782965
0.55 16500 0.161994113319
0.56 16800 0.160141239473
0.57 17097 0.160319196754
0.58 17400 0.153266476044
0.59 17700 0.162415034902
0.6 18000 0.162850530562
0.61 18300 0.156419891286
0.62 18600 0.158505164473
0.63 18900 0.161003815668
0.64 19200 0.159352362657
0.65 19500 0.157126821783
0.66 19800 0.153945456218
0.67 20100 0.160083170051
0.68 20400 0.156490758036
0.69 20697 0.159938504621
0.7 21000 0.153332873436
0.71 21300 0.153267211785
0.72 21600 0.154589505858
0.73 21900 0.163130402637
0.74 22200 0.162271862514
0.75 22500 0.154752661654
0.76 22800 0.156508774834
0.77 23100 0.156379097416
0.78 23400 0.16140473204
0.79 23700 0.157836430704
0.8 24000 0.161655560226
0.81 24300 0.152461102852
0.82 24600 0.157953832092
0.83 24900 0.161942299319
0.84 25200 0.160322714508
0.85 25500 0.156828417878
0.86 25800 0.157115093244
0.87 26100 0.150916574687
0.88 26400 0.161074324274
0.89 26700 0.159422585259
0.9 27000 0.157480267957
0.91 27300 0.159315127162
0.92 27600 0.157497045157
0.93 27900 0.150424608268
0.94 28200 0.155762401457
0.95 28500 0.162015045171
0.96 28800 0.151041172215
0.97 29100 0.160917681847
0.98 29400 0.156810309583
0.99 29700 0.160917560304
1.0 30000 0.15525991738
