0.0 0 0.438967279128
0.01 300 0.222671041434
0.02 600 0.160222639777
0.03 900 0.169542161878
0.04 1200 0.161693957953
0.05 1500 0.161414068525
0.06 1800 0.155327936042
0.07 2100 0.156612663155
0.08 2400 0.15763716768
0.09 2700 0.158713560261
0.1 3000 0.158720459612
0.11 3300 0.157356053394
0.12 3600 0.158311198416
0.13 3900 0.156071807008
0.14 4200 0.156953269966
0.15 4500 0.158294129708
0.16 4800 0.155990054768
0.17 5100 0.161649671915
0.18 5400 0.158617727119
0.19 5700 0.154558604634
0.2 6000 0.146877415448
0.21 6300 0.161265310578
0.22 6600 0.159994185994
0.23 6900 0.15840195353
0.24 7200 0.158349233993
0.25 7500 0.162361332508
0.26 7800 0.154871653999
0.27 8100 0.161921030559
0.28 8400 0.16173234955
0.29 8700 0.162711846075
0.3 9000 0.160157782146
0.31 9300 0.156054344865
0.32 9600 0.157421273145
0.33 9900 0.159696629542
0.34 10200 0.163176135303
0.35 10500 0.16108608605
0.36 10800 0.149464213642
0.37 11100 0.161949565459
0.38 11400 0.153226163028
0.39 11700 0.161078702
0.4 12000 0.160881386057
0.41 12300 0.151824936636
0.42 12600 0.160336812238
0.43 12900 0.15108708384
0.44 13200 0.162905393489
0.45 13500 0.159746468059
0.46 13800 0.149063870939
0.47 14100 0.1616996909
0.48 14400 0.157871950474
0.49 14700 0.145710324193
0.5 15000 0.157107780489
0.51 15300 0.1584923541
0.52 15600 0.161362180859
0.53 15900 0.15497647651
0.54 16200 0.147612540233
0.55 16500 0.160259169772
0.56 16800 0.150810808762
0.57 17097 0.151597222222
0.58 17400 0.154048595156
0.59 17700 0.156642261623
0.6 18000 0.159159247982
0.61 18300 0.160480122717
0.62 18600 0.15395542612
0.63 18900 0.158479075067
0.64 19200 0.159902680098
0.65 19500 0.156551655629
0.66 19800 0.157370342087
0.67 20100 0.15740972213
0.68 20400 0.161672019321
0.69 20697 0.160569354811
0.7 21000 0.159077315688
0.71 21300 0.15846605668
0.72 21600 0.156723268879
0.73 21900 0.161656512141
0.74 22200 0.150147646886
0.75 22500 0.16092118655
0.76 22800 0.161995731981
0.77 23100 0.161763021299
0.78 23400 0.158743811263
0.79 23700 0.15863514975
0.8 24000 0.16046120199
0.81 24300 0.157761260529
0.82 24600 0.159221354223
0.83 24900 0.1592933039
0.84 25200 0.160226127488
0.85 25500 0.158278435415
0.86 25800 0.156495993786
0.87 26100 0.150120595209
0.88 26400 0.158399263294
0.89 26700 0.158367230457
0.9 27000 0.161536857695
0.91 27300 0.159286499513
0.92 27600 0.16085063796
0.93 27900 0.161809366131
0.94 28200 0.152450972711
0.95 28500 0.16023318849
0.96 28800 0.159838541952
0.97 29100 0.154782027601
0.98 29400 0.158831419078
0.99 29700 0.156524472268
1.0 30000 0.158373553782
