0.0 0 0.424103464094
0.01 300 0.100427883506
0.02 600 0.062018742723
0.03 900 0.0392797225806
0.04 1200 0.0232313307311
0.05 1500 0.0236599645786
0.06 1800 0.0229267132896
0.07 2100 0.0191977838453
0.08 2400 0.0150497923432
0.09 2700 0.0117951724901
0.1 3000 0.0156798233707
0.11 3300 0.0129440856831
0.12 3600 0.0104987809587
0.13 3900 0.0106871002214
0.14 4200 0.00840625065711
0.15 4500 0.00786097016052
0.16 4800 0.00925602266215
0.17 5100 0.00922697446824
0.18 5400 0.00824744578217
0.19 5700 0.00793281369626
0.2 6000 0.00840085075929
0.21 6300 0.0056425757315
0.22 6600 0.00568467012758
0.23 6900 0.00600284158942
0.24 7200 0.0059376763661
0.25 7500 0.00413747574698
0.26 7800 0.00515417423754
0.27 8100 0.00560643452753
0.28 8400 0.00533019745396
0.29 8700 0.00432312841652
0.3 9000 0.00498053487448
0.31 9300 0.00320042722505
0.32 9600 0.00392213633125
0.33 9900 0.00274218150755
0.34 10200 0.0036290876111
0.35 10500 0.00408900116322
0.36 10800 0.00342892106272
0.37 11100 0.00369234620849
0.38 11400 0.00359515826996
0.39 11700 0.00361610015908
0.4 12000 0.00358039204812
0.41 12300 0.00328037614225
0.42 12600 0.00408884083757
0.43 12900 0.00333314547987
0.44 13200 0.00355639534733
0.45 13500 0.00225867693172
0.46 13800 0.0024489543041
0.47 14100 0.00295787713903
0.48 14400 0.00266744543513
0.49 14700 0.00288227122986
0.5 15000 0.00251633147435
0.51 15300 0.00233920372687
0.52 15600 0.00208312379624
0.53 15900 0.00212701169143
0.54 16200 0.00204698111469
0.55 16500 0.00209005922078
0.56 16800 0.00244434959963
0.57 17094 0.00221084700561
0.58 17400 0.00198207175175
0.59 17700 0.00224697878997
0.6 18000 0.0023567284125
0.61 18300 0.00192113332903
0.62 18600 0.00160603176762
0.63 18900 0.00262866987783
0.64 19200 0.00190032440236
0.65 19500 0.00176944442523
0.66 19800 0.00150889388976
0.67 20100 0.00158522837812
0.68 20400 0.00214535952208
0.69 20694 0.00189131861623
0.7 21000 0.00183253654702
0.71 21300 0.00193082284354
0.72 21600 0.00165915035804
0.73 21900 0.00187825700295
0.74 22200 0.00203150365243
0.75 22500 0.00141669603106
0.76 22800 0.00160135748604
0.77 23100 0.00206720114269
0.78 23400 0.00184298016357
0.79 23700 0.0017641116215
0.8 24000 0.00152145908871
0.81 24300 0.00158453339244
0.82 24600 0.00204901457002
0.83 24900 0.00136024381833
0.84 25200 0.00105482353808
0.85 25500 0.00132821672994
0.86 25800 0.00128731618552
0.87 26100 0.00167825990541
0.88 26400 0.00128326594729
0.89 26700 0.00149183064416
0.9 27000 0.00130388496298
0.91 27300 0.00121669557594
0.92 27600 0.00146740253735
0.93 27900 0.00135665598454
0.94 28200 0.00148329280732
0.95 28500 0.00174626398504
0.96 28800 0.00122244047038
0.97 29100 0.00148302451732
0.98 29400 0.00119768175777
0.99 29700 0.00118531019169
1.0 30000 0.00130629832212
