0.0 0 0.435505289256
0.01 300 0.101814931503
0.02 600 0.0550470602973
0.03 900 0.0343712848316
0.04 1200 0.0272260026319
0.05 1500 0.027650739126
0.06 1800 0.0181715326913
0.07 2100 0.0177198105008
0.08 2400 0.0204207740689
0.09 2700 0.0159847569297
0.1 3000 0.0118973484221
0.11 3300 0.0125746175372
0.12 3600 0.011376693553
0.13 3900 0.00970834277143
0.14 4200 0.00810437432714
0.15 4500 0.00857957302798
0.16 4800 0.0069743740075
0.17 5100 0.00770936722553
0.18 5400 0.00788637940378
0.19 5700 0.00588450872842
0.2 6000 0.00613840506541
0.21 6300 0.0075972236984
0.22 6600 0.00449901176718
0.23 6900 0.00440000231276
0.24 7200 0.00458059369077
0.25 7500 0.00361227028147
0.26 7800 0.00540497991008
0.27 8100 0.00456201688458
0.28 8400 0.00572089586351
0.29 8700 0.00455026158595
0.3 9000 0.00359947648068
0.31 9300 0.00355264755672
0.32 9600 0.00371806500713
0.33 9900 0.00380472798162
0.34 10200 0.00516876663192
0.35 10500 0.00333814753339
0.36 10800 0.00288116159434
0.37 11100 0.00357388625073
0.38 11400 0.00353770476625
0.39 11700 0.00350390905851
0.4 12000 0.00303370275649
0.41 12300 0.00306696362671
0.42 12600 0.00288975669205
0.43 12900 0.0026700469436
0.44 13200 0.00270969940499
0.45 13500 0.00255134610825
0.46 13800 0.00297431293034
0.47 14100 0.00220977938924
0.48 14400 0.00298747506262
0.49 14700 0.00324058700826
0.5 15000 0.00264963964164
0.51 15300 0.00251132348749
0.52 15600 0.0028016316625
0.53 15900 0.00283139025659
0.54 16200 0.0023312650073
0.55 16500 0.00244971728242
0.56 16800 0.00213139832667
0.57 17094 0.00201771839469
0.58 17400 0.00179224975028
0.59 17700 0.00206092802114
0.6 18000 0.00191628409886
0.61 18300 0.00188523005315
0.62 18600 0.00235198729201
0.63 18900 0.00193050872459
0.64 19200 0.00186602478752
0.65 19500 0.00210842541689
0.66 19800 0.00207626389717
0.67 20100 0.00221005868699
0.68 20400 0.00237173979068
0.69 20694 0.001795448923
0.7 21000 0.00154894755854
0.71 21300 0.00199303095648
0.72 21600 0.00147542822019
0.73 21900 0.00172728516799
0.74 22200 0.00176343422362
0.75 22500 0.00203285777392
0.76 22800 0.00189102228472
0.77 23100 0.00195246395238
0.78 23400 0.0015604706847
0.79 23700 0.00145636386027
0.8 24000 0.00130077150828
0.81 24300 0.00163892172442
0.82 24600 0.00175347326011
0.83 24900 0.00175892104702
0.84 25200 0.00123894979536
0.85 25500 0.00200280254584
0.86 25800 0.00172351128881
0.87 26100 0.00122154723745
0.88 26400 0.00188472970514
0.89 26700 0.00124404454926
0.9 27000 0.00169604859161
0.91 27300 0.00128960455973
0.92 27600 0.00199478496155
0.93 27900 0.00164131926278
0.94 28200 0.00129540759069
0.95 28500 0.0012353721632
0.96 28800 0.00122254247777
0.97 29100 0.00109610172054
0.98 29400 0.00142263265574
0.99 29700 0.00111865054336
1.0 30000 0.00117380605312
