0.0 0 0.437392857143
0.01 300 0.119256232528
0.02 600 0.0542674084041
0.03 900 0.0350216671812
0.04 1200 0.0295813672609
0.05 1500 0.0264675199272
0.06 1800 0.0197881237962
0.07 2100 0.0183190302854
0.08 2400 0.0155688575978
0.09 2700 0.0129658040347
0.1 3000 0.0117020545698
0.11 3300 0.0116227465381
0.12 3600 0.00907560467577
0.13 3900 0.0102027202487
0.14 4200 0.00810908341413
0.15 4500 0.00757397374347
0.16 4800 0.00885619482362
0.17 5100 0.00682207325973
0.18 5400 0.00656775890494
0.19 5700 0.00713787316663
0.2 6000 0.00657135378884
0.21 6300 0.0069819972354
0.22 6600 0.00696106798446
0.23 6900 0.00477664417835
0.24 7200 0.00593755183466
0.25 7500 0.00509669945001
0.26 7800 0.00581621819196
0.27 8100 0.00448103909139
0.28 8400 0.00408695146385
0.29 8700 0.00477637032661
0.3 9000 0.00440073032128
0.31 9300 0.00432887609616
0.32 9600 0.00440041467988
0.33 9900 0.00406976090394
0.34 10200 0.00330650199103
0.35 10500 0.00446227041656
0.36 10800 0.00397590014974
0.37 11100 0.0035726092261
0.38 11400 0.00365312782683
0.39 11700 0.00322322638454
0.4 12000 0.00407322200844
0.41 12300 0.00301321861308
0.42 12600 0.0024194526051
0.43 12900 0.00358632113296
0.44 13200 0.00315848327572
0.45 13500 0.00323476007816
0.46 13800 0.00268720899008
0.47 14100 0.00244389987548
0.48 14400 0.00234757129371
0.49 14700 0.00274817346164
0.5 15000 0.0025617562241
0.51 15300 0.00246866087531
0.52 15600 0.00216725829622
0.53 15900 0.00250016185785
0.54 16200 0.0026575493201
0.55 16500 0.00232989779697
0.56 16800 0.00268065561203
0.57 17094 0.00190140730279
0.58 17400 0.00220954242054
0.59 17700 0.00247059581313
0.6 18000 0.00231972848877
0.61 18300 0.00235389636743
0.62 18600 0.00196157559284
0.63 18900 0.00238441774044
0.64 19200 0.00179709571045
0.65 19500 0.00231155925684
0.66 19800 0.00234315555153
0.67 20100 0.00211142965049
0.68 20400 0.00243628409928
0.69 20694 0.00144402725989
0.7 21000 0.00195838438126
0.71 21300 0.0019309805597
0.72 21600 0.00190419174361
0.73 21900 0.001394871647
0.74 22200 0.00197210518722
0.75 22500 0.00197520526785
0.76 22800 0.00165918265198
0.77 23100 0.0018382647793
0.78 23400 0.00215334421995
0.79 23700 0.00165231104806
0.8 24000 0.00160421153921
0.81 24300 0.00144816189793
0.82 24600 0.00212945137875
0.83 24900 0.00112027982191
0.84 25200 0.00160659485563
0.85 25500 0.00158780641619
0.86 25800 0.00187727627657
0.87 26100 0.00150080679963
0.88 26400 0.00120791167484
0.89 26700 0.00111990275943
0.9 27000 0.00191635135034
0.91 27300 0.0011195940667
0.92 27600 0.00146742345962
0.93 27900 0.0012380199163
0.94 28200 0.00178825748245
0.95 28500 0.00125869145381
0.96 28800 0.0012455458567
0.97 29100 0.00143750800952
0.98 29400 0.00144553591855
0.99 29700 0.00122985203046
1.0 30000 0.00154909508962
