0.0 0 0.420339876033
0.01 300 0.107701565937
0.02 600 0.0653608481349
0.03 900 0.0411658400121
0.04 1200 0.0217479439337
0.05 1500 0.0244039252283
0.06 1800 0.0181706723823
0.07 2100 0.0147503765986
0.08 2400 0.0150439607022
0.09 2697 0.0129864702713
0.1 3000 0.0133878963441
0.11 3300 0.00890228846927
0.12 3600 0.0126195627971
0.13 3900 0.00937566635511
0.14 4200 0.0103964513912
0.15 4500 0.00985795912161
0.16 4800 0.00831927573958
0.17 5100 0.00808802559448
0.18 5397 0.00753320066189
0.19 5697 0.00577554999599
0.2 6000 0.00580725425549
0.21 6300 0.00697910204386
0.22 6600 0.00588104202062
0.23 6900 0.00458823708509
0.24 7200 0.00485303348323
0.25 7500 0.00501009253342
0.26 7800 0.00490264285746
0.27 8100 0.00536373260292
0.28 8400 0.00486326186001
0.29 8700 0.00357143985583
0.3 9000 0.00418123241679
0.31 9300 0.00461094147133
0.32 9600 0.00364895372331
0.33 9900 0.00393661291662
0.34 10200 0.00427099261267
0.35 10497 0.00415174420992
0.36 10797 0.00349118657256
0.37 11097 0.00398834653565
0.38 11397 0.00301989517977
0.39 11697 0.00333643539619
0.4 12000 0.0035813166442
0.41 12300 0.00376080848926
0.42 12600 0.00278558832648
0.43 12900 0.00277193612513
0.44 13200 0.00375520482592
0.45 13500 0.00323418678352
0.46 13800 0.00278333689953
0.47 14100 0.00351742267918
0.48 14400 0.00211779197268
0.49 14700 0.00328493107514
0.5 15000 0.00159306528848
0.51 15300 0.00195087679393
0.52 15600 0.00292812372377
0.53 15900 0.00254181854228
0.54 16200 0.00221000312772
0.55 16500 0.00312797686297
0.56 16800 0.00232784001657
0.57 17097 0.00248060561698
0.58 17400 0.00251285733093
0.59 17700 0.00239638674375
0.6 18000 0.00209994293118
0.61 18300 0.00224619094375
0.62 18600 0.00167713873428
0.63 18900 0.00221005586471
0.64 19200 0.00214074731116
0.65 19500 0.00173549278319
0.66 19800 0.00187650648955
0.67 20100 0.00151934679115
0.68 20400 0.0015620614301
0.69 20697 0.00205084292409
0.7 20997 0.00189564038325
0.71 21297 0.00137206698589
0.72 21597 0.00165948714393
0.73 21897 0.00154630746681
0.74 22197 0.00149565227758
0.75 22497 0.0014462163034
0.76 22797 0.00200764161968
0.77 23097 0.00203877763508
0.78 23397 0.0018151132091
0.79 23700 0.00134507665754
0.8 24000 0.00168658370226
0.81 24300 0.00152990303769
0.82 24600 0.00164592532465
0.83 24900 0.00149327705206
0.84 25200 0.00137039460702
0.85 25500 0.00156207544188
0.86 25800 0.0012873002412
0.87 26100 0.00124694366117
0.88 26400 0.00145876081645
0.89 26700 0.00129360847632
0.9 27000 0.00147556149158
0.91 27300 0.001532164997
0.92 27600 0.00141947915766
0.93 27900 0.00140426770003
0.94 28200 0.00157730387097
0.95 28500 0.0012120856983
0.96 28800 0.00145220694758
0.97 29100 0.00155138297113
0.98 29400 0.00124273909845
0.99 29700 0.00140862527351
1.0 30000 0.00150495429979
