0.0 0 0.428118614866
0.01 300 0.103011095568
0.02 600 0.0558764373104
0.03 900 0.0291871076429
0.04 1200 0.034473767532
0.05 1500 0.0276571391803
0.06 1800 0.0208944878337
0.07 2100 0.0162387364577
0.08 2400 0.0219834857698
0.09 2700 0.0169001146553
0.1 3000 0.0129652254119
0.11 3300 0.00949921827683
0.12 3600 0.010314522975
0.13 3900 0.00986682344966
0.14 4200 0.00948761348988
0.15 4500 0.00899889635744
0.16 4800 0.00910976691132
0.17 5100 0.00745323408056
0.18 5400 0.00681090102221
0.19 5700 0.00758524764341
0.2 6000 0.00657042748254
0.21 6300 0.00615788604568
0.22 6600 0.00519168572328
0.23 6900 0.00609836212149
0.24 7200 0.0058492219667
0.25 7500 0.00474929749991
0.26 7800 0.00380995911405
0.27 8100 0.00568325836317
0.28 8400 0.00548696483115
0.29 8700 0.00409880559861
0.3 9000 0.00425455170002
0.31 9300 0.00397682639958
0.32 9600 0.0041952944988
0.33 9900 0.00300867920892
0.34 10200 0.00401535340757
0.35 10500 0.00358838764966
0.36 10800 0.00287963399773
0.37 11100 0.00333644018389
0.38 11400 0.00301894474719
0.39 11700 0.00271682033636
0.4 12000 0.00336233979651
0.41 12300 0.00317380888535
0.42 12600 0.00382876879344
0.43 12900 0.00307756646165
0.44 13200 0.00325718640364
0.45 13500 0.00318451189014
0.46 13800 0.00263971047419
0.47 14100 0.00263019515299
0.48 14400 0.00193469232525
0.49 14700 0.00292691810196
0.5 15000 0.00247382775863
0.51 15300 0.00238197863888
0.52 15600 0.00305369252832
0.53 15900 0.00208537666132
0.54 16200 0.00265778067707
0.55 16500 0.00241008060281
0.56 16800 0.00248472571372
0.57 17097 0.00232613797353
0.58 17400 0.00228570618256
0.59 17700 0.00232159950405
0.6 18000 0.0018063630765
0.61 18300 0.00264233234524
0.62 18600 0.00238700111984
0.63 18900 0.00207036350915
0.64 19200 0.00214125441878
0.65 19500 0.00251440208446
0.66 19800 0.00147546024845
0.67 20100 0.00155240235811
0.68 20400 0.00201552984379
0.69 20697 0.00157172172636
0.7 21000 0.0017064964702
0.71 21300 0.00165150553872
0.72 21600 0.00156742772787
0.73 21900 0.00163679836301
0.74 22200 0.00140599988746
0.75 22500 0.00182829909413
0.76 22800 0.00189102221786
0.77 23100 0.00166640574777
0.78 23400 0.001616982207
0.79 23700 0.00165237687988
0.8 24000 0.00171456223613
0.81 24300 0.00144823759047
0.82 24600 0.00167281443847
0.83 24900 0.00181216657097
0.84 25200 0.00147558243341
0.85 25500 0.00169177472327
0.86 25800 0.00146698927396
0.87 26100 0.00137395677092
0.88 26400 0.00168419001709
0.89 26700 0.00129366410083
0.9 27000 0.0017202474218
0.91 27300 0.00150789754083
0.92 27600 0.00192284937188
0.93 27900 0.00168861475155
0.94 28200 0.00160066416711
0.95 28500 0.00139809519978
0.96 28800 0.00142943583959
0.97 29100 0.00107329052532
0.98 29400 0.00151295849825
0.99 29700 0.00129718971295
1.0 30000 0.00130627464226
