0.0 0 0.438967279128
0.01 300 0.122046930505
0.02 600 0.0393874968373
0.03 900 0.0362882267992
0.04 1200 0.0315921385728
0.05 1500 0.0272363074981
0.06 1800 0.0225707671429
0.07 2100 0.0174246545152
0.08 2400 0.0161021753893
0.09 2700 0.0136684929772
0.1 3000 0.00999907229357
0.11 3300 0.0112354498158
0.12 3600 0.0117374129698
0.13 3900 0.010198824652
0.14 4200 0.0113052874705
0.15 4500 0.00872040896141
0.16 4800 0.00965604423712
0.17 5100 0.00745805240367
0.18 5400 0.00919412735582
0.19 5700 0.00497240402722
0.2 6000 0.00537556082792
0.21 6300 0.00553977021801
0.22 6600 0.00538964664061
0.23 6900 0.00647596181939
0.24 7200 0.00584916641233
0.25 7500 0.00570579948403
0.26 7800 0.00465123739635
0.27 8100 0.00431924710927
0.28 8400 0.00556618654075
0.29 8700 0.00387377540547
0.3 9000 0.00519736265603
0.31 9300 0.00411771551593
0.32 9600 0.00480861787488
0.33 9900 0.00499440642946
0.34 10200 0.00427038126311
0.35 10500 0.00333907188336
0.36 10800 0.00336781791676
0.37 11100 0.00398738740398
0.38 11400 0.00249880726409
0.39 11700 0.00372865231787
0.4 12000 0.00341707096856
0.41 12300 0.00231690003188
0.42 12600 0.00283759911854
0.43 12900 0.00333251236443
0.44 13200 0.00330790764732
0.45 13500 0.00308855633027
0.46 13800 0.0019703359593
0.47 14100 0.00267772944202
0.48 14400 0.00298795705921
0.49 14700 0.00234401659669
0.5 15000 0.00300050772421
0.51 15300 0.00238251693655
0.52 15600 0.00305486563988
0.53 15900 0.00279005643495
0.54 16200 0.00188330555654
0.55 16500 0.00212990829815
0.56 16800 0.00228832868433
0.57 17097 0.00170788080168
0.58 17400 0.00266404865607
0.59 17700 0.00224722153066
0.6 18000 0.00191643089117
0.61 18300 0.00224597864883
0.62 18600 0.00252898589877
0.63 18900 0.00227985763475
0.64 19200 0.00238177706602
0.65 19500 0.00166783277554
0.66 19800 0.00177618584222
0.67 20100 0.00230845937429
0.68 20400 0.00159451751086
0.69 20697 0.00214659361164
0.7 21000 0.00158060114902
0.71 21300 0.00248875004026
0.72 21600 0.00208764731434
0.73 21900 0.00166694965434
0.74 22200 0.00161434854748
0.75 22500 0.0018575236666
0.76 22800 0.00168845850449
0.77 23100 0.00192412793437
0.78 23400 0.00147556078813
0.79 23700 0.00145676405688
0.8 24000 0.00171438809162
0.81 24300 0.0019105656408
0.82 24600 0.00148453370088
0.83 24900 0.00146666695141
0.84 25200 0.00144931259585
0.85 25500 0.00169179105055
0.86 25800 0.00144097347191
0.87 26100 0.00183023469121
0.88 26400 0.0012832354489
0.89 26700 0.00161596166876
0.9 27000 0.00164718398633
0.91 27300 0.00172577634739
0.92 27600 0.00139539482837
0.93 27900 0.0013806657647
0.94 28200 0.0015770177789
0.95 28500 0.00130517668198
0.96 28800 0.00119951688271
0.97 29100 0.00116435098397
0.98 29400 0.0011300328586
0.99 29700 0.00160916545717
1.0 30000 0.00157115353133
