0.0 0 0.443910314606
0.01 300 0.441669313225
0.02 600 0.439429603674
0.03 900 0.437192402397
0.04 1200 0.434958830366
0.05 1500 0.432729919967
0.06 1800 0.430506621363
0.07 2100 0.428289808378
0.08 2400 0.426080283935
0.09 2700 0.423878785095
0.1 3000 0.421685987714
0.11 3300 0.419502510771
0.12 3600 0.417328920364
0.13 3900 0.415165733429
0.14 4200 0.413013421181
0.15 4500 0.410872412313
0.16 4800 0.408743095963
0.17 5100 0.406625824472
0.18 5400 0.404520915949
0.19 5700 0.402428656652
0.2 6000 0.400349303202
0.21 6300 0.398283084647
0.22 6600 0.396230204383
0.23 6900 0.394190841932
0.24 7200 0.392165154615
0.25 7500 0.390153279097
0.26 7800 0.388155332831
0.27 8100 0.386171415406
0.28 8400 0.384201609803
0.29 8700 0.382245983562
0.3 9000 0.38030458988
0.31 9300 0.378377468626
0.32 9600 0.376464647292
0.33 9900 0.374566141884
0.34 10200 0.372681957752
0.35 10500 0.370812090358
0.36 10800 0.368956526009
0.37 11100 0.367115242524
0.38 11400 0.365288209871
0.39 11700 0.363475390755
0.4 12000 0.361676741172
0.41 12300 0.35989221092
0.42 12600 0.358121744086
0.43 12900 0.356365279494
0.44 13200 0.354622751127
0.45 13500 0.352894088521
0.46 13800 0.351179217132
0.47 14100 0.349478058683
0.48 14400 0.347790531486
0.49 14700 0.34611655074
0.5 15000 0.344456028816
0.51 15300 0.342808875518
0.52 15600 0.341174998331
0.53 15900 0.339554302652
0.54 16200 0.337946692
0.55 16500 0.336352068223
0.56 16800 0.334770331684
0.57 17094 0.333232635794
0.58 17400 0.331645115384
0.59 17700 0.330101430442
0.6 18000 0.328570222675
0.61 18300 0.32705138743
0.62 18600 0.325544819463
0.63 18900 0.324050413055
0.64 19200 0.322568062118
0.65 19500 0.321097660299
0.66 19800 0.319639101074
0.67 20100 0.31819227783
0.68 20400 0.316757083955
0.69 20694 0.315361774091
0.7 21000 0.313921158285
0.71 21300 0.312520213901
0.72 21600 0.311130473832
0.73 21900 0.309751832481
0.74 22200 0.308384184628
0.75 22500 0.307027425478
0.76 22800 0.305681450704
0.77 23100 0.304346156493
0.78 23400 0.303021439578
0.79 23700 0.301707197275
0.8 24000 0.300403327517
0.81 24300 0.29910972888
0.82 24600 0.297826300613
0.83 24900 0.296552942658
0.84 25200 0.295289555677
0.85 25500 0.294036041071
0.86 25800 0.292792300994
0.87 26100 0.291558238377
0.88 26400 0.290333756937
0.89 26700 0.289118761189
0.9 27000 0.287913156466
0.91 27300 0.286716848918
0.92 27600 0.28552974553
0.93 27900 0.284351754125
0.94 28200 0.283182783373
0.95 28500 0.282022742794
0.96 28800 0.280871542765
0.97 29100 0.279729094521
0.98 29400 0.278595310161
0.99 29700 0.277470102646
1.0 30000 0.276353385803
