0.0 0 0.0
0.01 0 0.33010559191
0.02 0 0.331657279721
0.03 0 0.326725984
0.04 0 0.328308168095
0.05 0 0.326630294785
0.06 0 0.327248646847
0.07 0 0.328053320365
0.08 0 0.327037840136
0.09 0 0.327644723089
0.1 0 0.326651269841
0.11 0 0.327623843918
0.12 0 0.326573644033
0.13 0 0.327062212605
0.14 0 0.327640289992
0.15 0 0.327090713248
0.16 0 0.327315594611
0.17 0 0.327015422323
0.18 0 0.32706585123
0.19 0 0.326927056916
0.2 0 0.327013000426
0.21 0 0.327267376119
0.22 0 0.327430983777
0.23 0 0.327291521589
0.24 0 0.32668131487
0.25 0 0.327201225754
0.26 0 0.327172957241
0.27 0 0.327363672409
0.28 0 0.32717337925
0.29 0 0.327206307795
0.3 0 0.327329096795
0.31 0 0.327087572196
0.32 0 0.32697973399
0.33 0 0.327098810464
0.34 0 0.327273249602
0.35 0 0.3275436894
0.36 0 0.327331250357
0.37 0 0.327367134915
0.38 0 0.326985623116
0.39 0 0.327418608938
0.4 0 0.327336287146
0.41 0 0.326928318287
0.42 0 0.327487715965
0.43 0 0.327062240026
0.44 0 0.327626654927
0.45 0 0.327020940428
0.46 0 0.327483421314
0.47 0 0.326981019254
0.48 0 0.327200508058
0.49 0 0.327807560337
0.5 0 0.327551044865
0.51 0 0.327697717742
0.52 0 0.327299145674
0.53 0 0.327602968978
0.54 0 0.327662341483
0.55 0 0.327718251038
0.56 0 0.327568995479
0.57 0 0.327817837239
0.58 0 0.32763318791
0.59 0 0.327537918707
0.6 0 0.327920262362
0.61 0 0.327669803489
0.62 0 0.327756217447
0.63 0 0.327599658347
0.64 0 0.327232372091
0.65 0 0.327723072251
0.66 0 0.327804153589
0.67 0 0.327904993659
0.68 0 0.327882333957
0.69 0 0.327888495244
0.7 0 0.327990551331
0.71 0 0.327845420116
0.72 0 0.327584818961
0.73 0 0.327979652309
0.74 0 0.327751329801
0.75 0 0.328053271354
0.76 0 0.328055394075
0.77 0 0.327977798521
0.78 0 0.328013751425
0.79 0 0.327736989701
0.8 0 0.328541138367
0.81 0 0.327921201466
0.82 0 0.328057202074
0.83 0 0.328064296198
0.84 0 0.32782993225
0.85 0 0.328122153568
0.86 0 0.327924874648
0.87 0 0.327875865467
0.88 0 0.32825721177
0.89 0 0.328114211505
0.9 0 0.327821989038
0.91 0 0.328214175211
0.92 0 0.32814645005
0.93 0 0.328076614378
0.94 0 0.327780310863
0.95 0 0.328456105349
0.96 0 0.328361157043
0.97 0 0.328206418466
0.98 0 0.328277788385
0.99 0 0.32829673294
1.0 0 0.328126163582
