0.0 0 0.0
0.01 0 0.381996484586
0.02 0 0.375876807851
0.03 0 0.373325413223
0.04 0 0.372496664432
0.05 0 0.37199024024
0.06 0 0.371388362824
0.07 0 0.37182145209
0.08 0 0.370814572505
0.09 0 0.370726703125
0.1 0 0.370635086479
0.11 0 0.37044207326
0.12 0 0.370410215812
0.13 0 0.3702535081
0.14 0 0.370390771268
0.15 0 0.370218986428
0.16 0 0.370240504477
0.17 0 0.370090555083
0.18 0 0.370121692405
0.19 0 0.37022869612
0.2 0 0.369997995921
0.21 0 0.370762533042
0.22 0 0.370528088323
0.23 0 0.370717050238
0.24 0 0.370782887514
0.25 0 0.370487518008
0.26 0 0.370655520738
0.27 0 0.370385406534
0.28 0 0.370309464155
0.29 0 0.370381722836
0.3 0 0.370516084885
0.31 0 0.370372272827
0.32 0 0.370567832434
0.33 0 0.370099814362
0.34 0 0.370553540118
0.35 0 0.370407796702
0.36 0 0.370289711185
0.37 0 0.370223704992
0.38 0 0.370275192594
0.39 0 0.370109519951
0.4 0 0.370495350995
0.41 0 0.370768687151
0.42 0 0.37059355563
0.43 0 0.370888808217
0.44 0 0.370528317438
0.45 0 0.370614120231
0.46 0 0.370563112501
0.47 0 0.370883263362
0.48 0 0.370586553167
0.49 0 0.370631607703
0.5 0 0.370530828402
0.51 0 0.370445411544
0.52 0 0.370603756238
0.53 0 0.370469100189
0.54 0 0.370348456232
0.55 0 0.370583753332
0.56 0 0.370502968407
0.57 0 0.370416654799
0.58 0 0.370677225731
0.59 0 0.370561955148
0.6 0 0.370627561494
0.61 0 0.370698276824
0.62 0 0.370793677536
0.63 0 0.370782137898
0.64 0 0.370637835539
0.65 0 0.3708682819
0.66 0 0.370528311092
0.67 0 0.37071871177
0.68 0 0.370545061921
0.69 0 0.370673024418
0.7 0 0.370695180268
0.71 0 0.370568623161
0.72 0 0.370839211323
0.73 0 0.370522874211
0.74 0 0.370791971341
0.75 0 0.370575950833
0.76 0 0.370656080342
0.77 0 0.370625775045
0.78 0 0.370788371466
0.79 0 0.370560184272
0.8 0 0.370998217047
0.81 0 0.370765623428
0.82 0 0.370844633374
0.83 0 0.370888472018
0.84 0 0.37075196275
0.85 0 0.37087359144
0.86 0 0.370708354471
0.87 0 0.370680441619
0.88 0 0.370749239059
0.89 0 0.3708970747
0.9 0 0.370836411763
0.91 0 0.37048607839
0.92 0 0.370825035998
0.93 0 0.370912112137
0.94 0 0.370719080425
0.95 0 0.370921854595
0.96 0 0.370588610835
0.97 0 0.370794420591
0.98 0 0.370626989827
0.99 0 0.370738356765
1.0 0 0.370553653607
