0.0 0 0.0
0.01 0 0.414982277883
0.02 0 0.415346282807
0.03 0 0.41069244898
0.04 0 0.411934885184
0.05 0 0.409842775221
0.06 0 0.410814522359
0.07 0 0.409480331648
0.08 0 0.410255342222
0.09 0 0.40936004784
0.1 0 0.409917294429
0.11 0 0.40921746125
0.12 0 0.409693851765
0.13 0 0.409116453401
0.14 0 0.409532017913
0.15 0 0.409193779019
0.16 0 0.409551273848
0.17 0 0.408985964934
0.18 0 0.409360874984
0.19 0 0.408945535702
0.2 0 0.409281450317
0.21 0 0.409550734626
0.22 0 0.409216371138
0.23 0 0.409461591221
0.24 0 0.409162872608
0.25 0 0.409394934687
0.26 0 0.409117271062
0.27 0 0.409442779559
0.28 0 0.409159323339
0.29 0 0.409383993927
0.3 0 0.409120428247
0.31 0 0.409259748809
0.32 0 0.409156209259
0.33 0 0.40935351251
0.34 0 0.409056430426
0.35 0 0.409244171184
0.36 0 0.409049297145
0.37 0 0.409330244741
0.38 0 0.409083637781
0.39 0 0.409233315934
0.4 0 0.409057773315
0.41 0 0.409092731078
0.42 0 0.409301005986
0.43 0 0.409068497011
0.44 0 0.409267638893
0.45 0 0.409112357391
0.46 0 0.409336335389
0.47 0 0.409042253639
0.48 0 0.409210858968
0.49 0 0.409068117327
0.5 0 0.409230147173
0.51 0 0.409049097996
0.52 0 0.409291217802
0.53 0 0.409115940363
0.54 0 0.409236212854
0.55 0 0.409136761924
0.56 0 0.409293524612
0.57 0 0.409038472549
0.58 0 0.409190896798
0.59 0 0.409021425903
0.6 0 0.409282847271
0.61 0 0.409190565156
0.62 0 0.409079322604
0.63 0 0.409183801591
0.64 0 0.409063249631
0.65 0 0.409268146205
0.66 0 0.409082655866
0.67 0 0.409280542629
0.68 0 0.409100449039
0.69 0 0.409292733351
0.7 0 0.409181252082
0.71 0 0.409209564922
0.72 0 0.409143640339
0.73 0 0.409284244048
0.74 0 0.409158823887
0.75 0 0.409235728303
0.76 0 0.409113896682
0.77 0 0.40916013295
0.78 0 0.409042452791
0.79 0 0.409145552242
0.8 0 0.409114992226
0.81 0 0.409085348225
0.82 0 0.409319757118
0.83 0 0.409099906749
0.84 0 0.409302195345
0.85 0 0.409219192146
0.86 0 0.40933755779
0.87 0 0.409152838368
0.88 0 0.409192792672
0.89 0 0.409064210447
0.9 0 0.409187172022
0.91 0 0.409225893782
0.92 0 0.409295555595
0.93 0 0.409139687639
0.94 0 0.409208833428
0.95 0 0.409033332055
0.96 0 0.409288912065
0.97 0 0.409277719896
0.98 0 0.40918313037
0.99 0 0.409089957257
1.0 0 0.409148668328
