0.0 0 0.0
0.01 0 0.330281677573
0.02 0 0.331563289302
0.03 0 0.326717696
0.04 0 0.328336028542
0.05 0 0.326639943311
0.06 0 0.327595820394
0.07 0 0.328066034549
0.08 0 0.327037020798
0.09 0 0.3276366359
0.1 0 0.326654101474
0.11 0 0.327424212742
0.12 0 0.326380985843
0.13 0 0.326884964242
0.14 0 0.327776620412
0.15 0 0.326941447672
0.16 0 0.327044927411
0.17 0 0.327139986678
0.18 0 0.32683074382
0.19 0 0.326809505889
0.2 0 0.327226859315
0.21 0 0.327473374697
0.22 0 0.327034467237
0.23 0 0.327385771219
0.24 0 0.326778505647
0.25 0 0.327372498041
0.26 0 0.326921260636
0.27 0 0.327038602281
0.28 0 0.32741319172
0.29 0 0.326752127778
0.3 0 0.327253791553
0.31 0 0.32716062623
0.32 0 0.327188276346
0.33 0 0.327295480544
0.34 0 0.327336728699
0.35 0 0.327416110155
0.36 0 0.327209585549
0.37 0 0.327132747167
0.38 0 0.327555746559
0.39 0 0.3275852349
0.4 0 0.327175112003
0.41 0 0.327246089799
0.42 0 0.327595873284
0.43 0 0.327314697715
0.44 0 0.327628350297
0.45 0 0.327505071943
0.46 0 0.327197431905
0.47 0 0.327356466509
0.48 0 0.327337024798
0.49 0 0.327453716155
0.5 0 0.327332637387
0.51 0 0.327360025477
0.52 0 0.327216582187
0.53 0 0.327560456127
0.54 0 0.327541303456
0.55 0 0.327798438457
0.56 0 0.327920689624
0.57 0 0.327587526989
0.58 0 0.327595582782
0.59 0 0.327614815288
0.6 0 0.327776738406
0.61 0 0.328066295006
0.62 0 0.327263655251
0.63 0 0.327698485211
0.64 0 0.327673564026
0.65 0 0.327888813318
0.66 0 0.327804314461
0.67 0 0.3276775066
0.68 0 0.327531452582
0.69 0 0.328179803924
0.7 0 0.327740869017
0.71 0 0.327506162618
0.72 0 0.327221110855
0.73 0 0.328009487419
0.74 0 0.328076599385
0.75 0 0.32785046227
0.76 0 0.327940350551
0.77 0 0.327948961667
0.78 0 0.327928568996
0.79 0 0.327902196006
0.8 0 0.327585645075
0.81 0 0.328029924047
0.82 0 0.328216399221
0.83 0 0.327773697144
0.84 0 0.327905051886
0.85 0 0.327992480617
0.86 0 0.327619759089
0.87 0 0.327900517233
0.88 0 0.328305532193
0.89 0 0.328359850564
0.9 0 0.328184638307
0.91 0 0.328359767696
0.92 0 0.328053105658
0.93 0 0.328687244923
0.94 0 0.327849110713
0.95 0 0.328158003032
0.96 0 0.328475972033
0.97 0 0.328363911161
0.98 0 0.327965467135
0.99 0 0.328120869364
1.0 0 0.328234571392
