0.0 0 0.0
0.01 0 0.160808999082
0.02 0 0.159930579585
0.03 0 0.159477707607
0.04 0 0.159200640622
0.05 0 0.159413548478
0.06 0 0.157901610896
0.07 0 0.159839351135
0.08 0 0.160177678341
0.09 0 0.159999138748
0.1 0 0.1592368673
0.11 0 0.158479367833
0.12 0 0.159406555408
0.13 0 0.159318021665
0.14 0 0.159946796145
0.15 0 0.160336145606
0.16 0 0.159563325231
0.17 0 0.159752720625
0.18 0 0.159365976143
0.19 0 0.15982594335
0.2 0 0.160106253008
0.21 0 0.160086157336
0.22 0 0.160241678928
0.23 0 0.159967385527
0.24 0 0.159985431245
0.25 0 0.160372993745
0.26 0 0.159766081664
0.27 0 0.159851480171
0.28 0 0.160467734311
0.29 0 0.161365476245
0.3 0 0.160779694402
0.31 0 0.160906391418
0.32 0 0.16043709
0.33 0 0.160430676879
0.34 0 0.160761825602
0.35 0 0.160750949519
0.36 0 0.160920020441
0.37 0 0.160851943932
0.38 0 0.161328364213
0.39 0 0.160585564176
0.4 0 0.160635185413
0.41 0 0.161007706258
0.42 0 0.161137752956
0.43 0 0.161464824426
0.44 0 0.161272406359
0.45 0 0.161084081642
0.46 0 0.161661176955
0.47 0 0.161547770437
0.48 0 0.161993633927
0.49 0 0.162299729088
0.5 0 0.162110955099
0.51 0 0.161702261054
0.52 0 0.161232830874
0.53 0 0.16157140735
0.54 0 0.161869100671
0.55 0 0.162109878652
0.56 0 0.161900105193
0.57 0 0.162104958711
0.58 0 0.161813969806
0.59 0 0.161983584198
0.6 0 0.162165943572
0.61 0 0.162092002749
0.62 0 0.162374703258
0.63 0 0.162102671649
0.64 0 0.162542833205
0.65 0 0.162135554739
0.66 0 0.162635826189
0.67 0 0.162768630385
0.68 0 0.162758961929
0.69 0 0.162963879611
0.7 0 0.16258781318
0.71 0 0.163337254843
0.72 0 0.162800357167
0.73 0 0.162404847791
0.74 0 0.162935983724
0.75 0 0.162851411289
0.76 0 0.162968119606
0.77 0 0.163406171521
0.78 0 0.163444583722
0.79 0 0.163757616131
0.8 0 0.163529667754
0.81 0 0.163345999095
0.82 0 0.163625587271
0.83 0 0.163565396276
0.84 0 0.163232560635
0.85 0 0.163865058253
0.86 0 0.163518991256
0.87 0 0.163625370066
0.88 0 0.164571193688
0.89 0 0.163992855105
0.9 0 0.163638238357
0.91 0 0.164100927604
0.92 0 0.164132692995
0.93 0 0.164477414883
0.94 0 0.165016602576
0.95 0 0.164031092254
0.96 0 0.16442631496
0.97 0 0.164804028595
0.98 0 0.164354710586
0.99 0 0.164924304788
1.0 0 0.164361603134
