0.0 0 0.0
0.01 0 0.329984533016
0.02 0 0.331587458267
0.03 0 0.32664192
0.04 0 0.328331385134
0.05 0 0.326655045351
0.06 0 0.327243948509
0.07 0 0.328070128947
0.08 0 0.327859699114
0.09 0 0.32738904446
0.1 0 0.327089814653
0.11 0 0.327217731583
0.12 0 0.326548953197
0.13 0 0.327060788266
0.14 0 0.327315652622
0.15 0 0.326793164727
0.16 0 0.327593392433
0.17 0 0.327014806492
0.18 0 0.327308866575
0.19 0 0.327026865499
0.2 0 0.327339319401
0.21 0 0.327372146916
0.22 0 0.327128663233
0.23 0 0.32700801973
0.24 0 0.326689789613
0.25 0 0.32694073112
0.26 0 0.327000584272
0.27 0 0.327120913157
0.28 0 0.327414368862
0.29 0 0.326605297361
0.3 0 0.327025644083
0.31 0 0.326943972628
0.32 0 0.327526551004
0.33 0 0.326902963165
0.34 0 0.327401952221
0.35 0 0.32704609215
0.36 0 0.327089906257
0.37 0 0.327308614271
0.38 0 0.326983156609
0.39 0 0.327473875286
0.4 0 0.327391256685
0.41 0 0.327514985137
0.42 0 0.327283313855
0.43 0 0.327211269365
0.44 0 0.327526833935
0.45 0 0.327398694993
0.46 0 0.327578925826
0.47 0 0.327448921157
0.48 0 0.327381236833
0.49 0 0.327273026456
0.5 0 0.327551947306
0.51 0 0.327359936919
0.52 0 0.327634612142
0.53 0 0.327311300313
0.54 0 0.327257879493
0.55 0 0.327756624937
0.56 0 0.327569207418
0.57 0 0.32743405804
0.58 0 0.327709719332
0.59 0 0.327871510629
0.6 0 0.32748310694
0.61 0 0.327531292972
0.62 0 0.327441710296
0.63 0 0.327496303535
0.64 0 0.327777018779
0.65 0 0.327788136756
0.66 0 0.327836162523
0.67 0 0.32787110727
0.68 0 0.327884373545
0.69 0 0.327735913503
0.7 0 0.327206498699
0.71 0 0.32769008639
0.72 0 0.32776651434
0.73 0 0.327709043325
0.74 0 0.327693035483
0.75 0 0.327706241416
0.76 0 0.328140663229
0.77 0 0.327863033706
0.78 0 0.327817143565
0.79 0 0.328123816806
0.8 0 0.328020694555
0.81 0 0.328002937974
0.82 0 0.328163919268
0.83 0 0.327902718502
0.84 0 0.327855237163
0.85 0 0.328146070505
0.86 0 0.3281276726
0.87 0 0.328077009158
0.88 0 0.327735202305
0.89 0 0.32813722579
0.9 0 0.328258792583
0.91 0 0.3283348427
0.92 0 0.327697485186
0.93 0 0.328569045374
0.94 0 0.32824490941
0.95 0 0.327926852244
0.96 0 0.328248442418
0.97 0 0.328025456931
0.98 0 0.32874587748
0.99 0 0.328009678829
1.0 0 0.328498196747
