./new_config_single/with_0_coupling/Test_config(70%)/test_config0.0.txt
1 1 0 0 0 0.0 0.0 0
1 2 0 0 0 0.0 0.0 0
1 1 0 0 0 0.0 0.0 0 0
0
2 1 0 0 0 0.0 0.0 0
2 2 0 0 0 0.0 0.0 0
2 1 0 0 0 0.0 0.0 0 0
0
3 1 0 0 0 0.0 0.0 0
3 2 0 0 0 0.0 0.0 0
3 1 0 0 0 0.0 0.0 0 0
0
4 1 0 0 0 0.0 0.0 0
4 2 0 0 0 0.0 0.0 0
4 1 0 0 0 0.0 0.0 0 0
0
5 1 0 0 0 0.0 0.0 0
5 2 0 0 0 0.0 0.0 0
5 1 0 0 0 0.0 0.0 0 0
0
6 1 0 0 0 0.0 0.0 0
6 2 0 0 0 0.0 0.0 0
6 1 0 0 0 0.0 0.0 0 0
0
{1: 0, 2: 0, 3: 0, 4: 0, 5: 0, 6: 0} {1: 0, 2: 0, 3: 0, 4: 0, 5: 0, 6: 0}
0.0 0 0.0
./new_config_single/with_0_coupling/Test_config(70%)/test_config0.01.txt
1 1 0.171709582679 0 0.0 34.0 121.0 80
1 2 0.0 0 0.0 0.0 123.0 0
1 1 0 0 0 0.0 0.0 0 0
0
2 1 0.0 0 0.0 0.0 121.0 0
2 2 0.165311653117 0 0.0 34.0 123.0 82
2 1 0 0 0 0.0 0.0 0 0
0
3 1 0.157895635544 0 0.0 32.0 121.0 79
3 2 0.0 0 0.0 0.0 123.0 0
3 1 0 0 0 0.0 0.0 0 0
0
4 1 0.0 0 0.0 0.0 121.0 0
4 2 0.168005155661 0 0.0 34.0 123.0 81
4 1 0 0 0 0.0 0.0 0 0
0
5 1 0.163359743187 0 0.0 34.0 121.0 83
5 2 0.0 0 0.0 0.0 123.0 0
5 1 0 0 0 0.0 0.0 0 0
0
6 1 0.0 0 0.0 0.0 121.0 0
6 2 0.162585101461 0 0.0 34.0 123.0 83
6 1 0 0 0 0.0 0.0 0 0
0
{1: 0.17170958267877878, 2: 0.16531165311653118, 3: 0.1578956355440202, 4: 0.1680051556613127, 5: 0.16335974318694077, 6: 0.1625851014607707} {1: 0, 2: 0, 3: 0, 4: 0, 5: 0, 6: 0}
0.01 0 0.329292668259
./new_config_single/with_0_coupling/Test_config(70%)/test_config0.02.txt
1 1 0.165090396499 0 0.0 68.0 247.0 164
1 2 0.0 0 0.0 0.0 247.0 0
1 1 0 0 0 0.0 0.0 0 0
0
2 1 0.0 0 0.0 0.0 247.0 0
2 2 0.16231621564 0 0.0 69.0 247.0 169
2 1 0 0 0 0.0 0.0 0 0
0
3 1 0.163697159435 0 0.0 69.0 247.0 168
3 2 0.0 0 0.0 0.0 247.0 0
3 1 0 0 0 0.0 0.0 0 0
0
4 1 0.0 0 0.0 0.0 247.0 0
4 2 0.162385877493 0 0.0 68.0 247.0 166
4 1 0 0 0 0.0 0.0 0 0
0
5 1 0.167762133456 0 0.0 68.0 247.0 162
5 2 0.0 0 0.0 0.0 247.0 0
5 1 0 0 0 0.0 0.0 0 0
0
6 1 0.0 0 0.0 0.0 247.0 0
6 2 0.17170827255 0 0.0 68.0 247.0 159
6 1 0 0 0 0.0 0.0 0 0
0
{1: 0.1650903964988772, 2: 0.1623162156403154, 3: 0.16369715943549318, 4: 0.16238587749348454, 5: 0.16776213345571966, 6: 0.17170827254995163} {1: 0, 2: 0, 3: 0, 4: 0, 5: 0, 6: 0}
0.02 0 0.33065569834
./new_config_single/with_0_coupling/Test_config(70%)/test_config0.03.txt
1 1 0.160997955332 0 0.0 103.0 374.0 253
1 2 0.0 0 0.0 0.0 369.0 0
1 1 0 0 0 0.0 0.0 0 0
0
2 1 0.0 0 0.0 0.0 374.0 0
2 2 0.163475591395 0 0.0 100.0 369.0 242
2 1 0 0 0 0.0 0.0 0 0
0
3 1 0.159226743687 0 0.0 102.0 374.0 252
3 2 0.0 0 0.0 0.0 369.0 0
3 1 0 0 0 0.0 0.0 0 0
0
4 1 0.0 0 0.0 0.0 374.0 0
4 2 0.163475591395 0 0.0 100.0 369.0 242
4 1 0 0 0 0.0 0.0 0 0
0
5 1 0.169862950041 0 0.0 103.0 374.0 243
5 2 0.0 0 0.0 0.0 369.0 0
5 1 0 0 0 0.0 0.0 0 0
0
6 1 0.0 0 0.0 0.0 374.0 0
6 2 0.160677433333 0 0.0 103.0 369.0 254
6 1 0 0 0 0.0 0.0 0 0
0
{1: 0.16099795533186534, 2: 0.16347559139548032, 3: 0.15922674368726583, 4: 0.16347559139548032, 5: 0.1698629500414653, 6: 0.16067743333259893} {1: 0, 2: 0, 3: 0, 4: 0, 5: 0, 6: 0}
0.03 0 0.325579516306
./new_config_single/with_0_coupling/Test_config(70%)/test_config0.04.txt
1 1 0.166883454735 0 0.0 137.0 496.0 328
1 2 0.0 0 0.0 0.0 491.0 0
1 1 0 0 0 0.0 0.0 0 0
0
2 1 0.0 0 0.0 0.0 496.0 0
2 2 0.162020233863 0 0.0 135.0 491.0 330
2 1 0 0 0 0.0 0.0 0 0
0
3 1 0.164841920851 0 0.0 135.0 496.0 325
3 2 0.0 0 0.0 0.0 491.0 0
3 1 0 0 0 0.0 0.0 0 0
0
4 1 0.0 0 0.0 0.0 496.0 0
4 2 0.162703614138 0 0.0 135.0 491.0 329
4 1 0 0 0 0.0 0.0 0 0
0
5 1 0.159427638853 0 0.0 137.0 496.0 339
5 2 0.0 0 0.0 0.0 491.0 0
5 1 0 0 0 0.0 0.0 0 0
0
6 1 0.0 0 0.0 0.0 496.0 0
6 2 0.164723682082 0 0.0 134.0 491.0 323
6 1 0 0 0 0.0 0.0 0 0
0
{1: 0.16688345473465138, 2: 0.16202023386330733, 3: 0.16484192085067634, 4: 0.16270361413798679, 5: 0.15942763885275751, 6: 0.16472368208195587} {1: 0, 2: 0, 3: 0, 4: 0, 5: 0, 6: 0}
0.04 0 0.326539981326
./new_config_single/with_0_coupling/Test_config(70%)/test_config0.05.txt
1 1 0.161107570239 0 0.0 168.0 620.0 411
1 2 0.0 0 0.0 0.0 618.0 0
1 1 0 0 0 0.0 0.0 0 0
0
2 1 0.0 0 0.0 0.0 620.0 0
2 2 0.16342780239 0 0.0 169.0 618.0 410
2 1 0 0 0 0.0 0.0 0 0
0
3 1 0.165410379813 0 0.0 172.0 620.0 415
3 2 0.0 0 0.0 0.0 618.0 0
3 1 0 0 0 0.0 0.0 0 0
0
4 1 0.0 0 0.0 0.0 620.0 0
4 2 0.162888428064 0 0.0 170.0 618.0 414
4 1 0 0 0 0.0 0.0 0 0
0
5 1 0.16111082206 0 0.0 169.0 620.0 414
5 2 0.0 0 0.0 0.0 618.0 0
5 1 0 0 0 0.0 0.0 0 0
0
6 1 0.0 0 0.0 0.0 620.0 0
6 2 0.16235167206 0 0.0 169.0 618.0 412
6 1 0 0 0 0.0 0.0 0 0
0
{1: 0.16110757023933403, 2: 0.16342780239000432, 3: 0.16541037981269513, 4: 0.1628884280642222, 5: 0.16111082206035382, 6: 0.16235167206040996} {1: 0, 2: 0, 3: 0, 4: 0, 5: 0, 6: 0}
0.05 0 0.325106792651
./new_config_single/with_0_coupling/Test_config(70%)/test_config0.06.txt
1 1 0.160357682247 0 0.0 205.0 744.0 505
1 2 0.0 0 0.0 0.0 742.0 0
1 1 0 0 0 0.0 0.0 0 0
0
2 1 0.0 0 0.0 0.0 744.0 0
2 2 0.163668528999 0 0.0 203.0 742.0 492
2 1 0 0 0 0.0 0.0 0 0
0
3 1 0.162623117557 0 0.0 202.0 744.0 491
3 2 0.0 0 0.0 0.0 742.0 0
3 1 0 0 0 0.0 0.0 0 0
0
4 1 0.0 0 0.0 0.0 744.0 0
4 2 0.162773083602 0 0.0 203.0 742.0 494
4 1 0 0 0 0.0 0.0 0 0
0
5 1 0.166211411724 0 0.0 205.0 744.0 492
5 2 0.0 0 0.0 0.0 742.0 0
5 1 0 0 0 0.0 0.0 0 0
0
6 1 0.0 0 0.0 0.0 744.0 0
6 2 0.16366671268 0 0.0 205.0 742.0 498
6 1 0 0 0 0.0 0.0 0 0
0
{1: 0.1603576822465025, 2: 0.16366852899935339, 3: 0.16262311755694298, 4: 0.16277308360154316, 5: 0.1662114117238987, 6: 0.16366671268008803} {1: 0, 2: 0, 3: 0, 4: 0, 5: 0, 6: 0}
0.06 0 0.326107078757
./new_config_single/with_0_coupling/Test_config(70%)/test_config0.07.txt
1 1 0.159214340575 0 0.0 236.0 866.0 583
1 2 0.0 0 0.0 0.0 863.0 0
1 1 0 0 0 0.0 0.0 0 0
0
2 1 0.0 0 0.0 0.0 866.0 0
2 2 0.162471518014 0 0.0 238.0 863.0 581
2 1 0 0 0 0.0 0.0 0 0
0
3 1 0.167279147043 0 0.0 238.0 866.0 568
3 2 0.0 0 0.0 0.0 863.0 0
3 1 0 0 0 0.0 0.0 0 0
0
4 1 0.0 0 0.0 0.0 866.0 0
4 2 0.166338488847 0 0.0 238.0 863.0 571
4 1 0 0 0 0.0 0.0 0 0
0
5 1 0.163454589336 0 0.0 239.0 866.0 581
5 2 0.0 0 0.0 0.0 863.0 0
5 1 0 0 0 0.0 0.0 0 0
0
6 1 0.0 0 0.0 0.0 866.0 0
6 2 0.160550452556 0 0.0 234.0 863.0 574
6 1 0 0 0 0.0 0.0 0 0
0
{1: 0.15921434057464703, 2: 0.1624715180143105, 3: 0.16727914704329322, 4: 0.16633848884687735, 5: 0.16345458933590767, 6: 0.1605504525564303} {1: 0, 2: 0, 3: 0, 4: 0, 5: 0, 6: 0}
0.07 0 0.326109742612
./new_config_single/with_0_coupling/Test_config(70%)/test_config0.08.txt
1 1 0.167016286018 0 0.0 269.0 983.0 642
1 2 0.0 0 0.0 0.0 987.0 0
1 1 0 0 0 0.0 0.0 0 0
0
2 1 0.0 0 0.0 0.0 983.0 0
2 2 0.161768645892 0 0.0 270.0 987.0 660
2 1 0 0 0 0.0 0.0 0 0
0
3 1 0.16161728013 0 0.0 271.0 983.0 664
3 2 0.0 0 0.0 0.0 987.0 0
3 1 0 0 0 0.0 0.0 0 0
0
4 1 0.0 0 0.0 0.0 983.0 0
4 2 0.16277873757 0 0.0 269.0 987.0 654
4 1 0 0 0 0.0 0.0 0 0
0
5 1 0.159935588628 0 0.0 268.0 983.0 660
5 2 0.0 0 0.0 0.0 987.0 0
5 1 0 0 0 0.0 0.0 0 0
0
6 1 0.0 0 0.0 0.0 983.0 0
6 2 0.162781817118 0 0.0 271.0 987.0 660
6 1 0 0 0 0.0 0.0 0 0
0
{1: 0.16701628601795113, 2: 0.1617686458920372, 3: 0.16161728013047855, 4: 0.16277873757017514, 5: 0.1599355886282468, 6: 0.1627818171179744} {1: 0, 2: 0, 3: 0, 4: 0, 5: 0, 6: 0}
0.08 0 0.324974152334
./new_config_single/with_0_coupling/Test_config(70%)/test_config0.09.txt
1 1 0.162180084152 0 0.0 300.0 1103.0 731
1 2 0.0 0 0.0 0.0 1103.0 0
1 1 0 0 0 0.0 0.0 0 0
0
2 1 0.0 0 0.0 0.0 1103.0 0
2 2 0.160359655403 0 0.0 297.0 1103.0 728
2 1 0 0 0 0.0 0.0 0 0
0
3 1 0.163996814096 0 0.0 303.0 1103.0 734
3 2 0.0 0 0.0 0.0 1103.0 0
3 1 0 0 0 0.0 0.0 0 0
0
4 1 0.0 0 0.0 0.0 1103.0 0
4 2 0.162788332159 0 0.0 302.0 1103.0 735
4 1 0 0 0 0.0 0.0 0 0
0
5 1 0.160968519878 0 0.0 302.0 1103.0 741
5 2 0.0 0 0.0 0.0 1103.0 0
5 1 0 0 0 0.0 0.0 0 0
0
6 1 0.0 0 0.0 0.0 1103.0 0
6 2 0.163985101212 0 0.0 306.0 1103.0 743
6 1 0 0 0 0.0 0.0 0 0
0
{1: 0.1621800841519338, 2: 0.16035965540284514, 3: 0.1639968140955722, 4: 0.1627883321593051, 5: 0.16096851987779145, 6: 0.16398510121164644} {1: 0, 2: 0, 3: 0, 4: 0, 5: 0, 6: 0}
0.09 0 0.324434742797
./new_config_single/with_0_coupling/Test_config(70%)/test_config0.1.txt
1 1 0.1633668479 0 0.0 336.0 1231.0 815
1 2 0.0 0 0.0 0.0 1227.0 0
1 1 0 0 0 0.0 0.0 0 0
0
2 1 0.0 0 0.0 0.0 1231.0 0
2 2 0.158891658679 0 0.0 336.0 1227.0 832
2 1 0 0 0 0.0 0.0 0 0
0
3 1 0.16117199136 0 0.0 340.0 1231.0 835
3 2 0.0 0 0.0 0.0 1227.0 0
3 1 0 0 0 0.0 0.0 0 0
0
4 1 0.0 0 0.0 0.0 1231.0 0
4 2 0.163786117703 0 0.0 333.0 1227.0 805
4 1 0 0 0 0.0 0.0 0 0
0
5 1 0.164172101565 0 0.0 336.0 1231.0 812
5 2 0.0 0 0.0 0.0 1227.0 0
5 1 0 0 0 0.0 0.0 0 0
0
6 1 0.0 0 0.0 0.0 1231.0 0
6 2 0.163814014875 0 0.0 337.0 1227.0 817
6 1 0 0 0 0.0 0.0 0 0
0
{1: 0.16336684789960937, 2: 0.15889165867944088, 3: 0.16117199136047453, 4: 0.16378611770347828, 5: 0.1641721015652376, 6: 0.1638140148745059} {1: 0, 2: 0, 3: 0, 4: 0, 5: 0, 6: 0}
0.1 0 0.324742509784
./new_config_single/with_0_coupling/Test_config(70%)/test_config0.11.txt
1 1 0.162689163237 0 0.0 365.0 1350.0 886
1 2 0.0 0 0.0 0.0 1345.0 0
1 1 0 0 0 0.0 0.0 0 0
0
2 1 0.0 0 0.0 0.0 1350.0 0
2 2 0.160176199887 0 0.0 367.0 1345.0 903
2 1 0 0 0 0.0 0.0 0 0
0
3 1 0.162961728395 0 0.0 371.0 1350.0 903
3 2 0.0 0 0.0 0.0 1345.0 0
3 1 0 0 0 0.0 0.0 0 0
0
4 1 0.0 0 0.0 0.0 1350.0 0
4 2 0.161667196418 0 0.0 368.0 1345.0 900
4 1 0 0 0 0.0 0.0 0 0
0
5 1 0.161711796982 0 0.0 372.0 1350.0 911
5 2 0.0 0 0.0 0.0 1345.0 0
5 1 0 0 0 0.0 0.0 0 0
0
6 1 0.0 0 0.0 0.0 1350.0 0
6 2 0.164877627451 0 0.0 368.0 1345.0 887
6 1 0 0 0 0.0 0.0 0 0
0
{1: 0.1626891632373114, 2: 0.16017619988667925, 3: 0.1629617283950617, 4: 0.16166719641795996, 5: 0.16171179698216734, 6: 0.1648776274512514} {1: 0, 2: 0, 3: 0, 4: 0, 5: 0, 6: 0}
0.11 0 0.324369876219
./new_config_single/with_0_coupling/Test_config(70%)/test_config0.12.txt
1 1 0.156490734037 0 0.0 402.0 1466.0 1006
1 2 0.0 0 0.0 0.0 1462.0 0
1 1 0 0 0 0.0 0.0 0 0
0
2 1 0.0 0 0.0 0.0 1466.0 0
2 2 0.160357417551 0 0.0 398.0 1462.0 978
2 1 0 0 0 0.0 0.0 0 0
0
3 1 0.165633276505 0 0.0 399.0 1466.0 957
3 2 0.0 0 0.0 0.0 1462.0 0
3 1 0 0 0 0.0 0.0 0 0
0
4 1 0.0 0 0.0 0.0 1466.0 0
4 2 0.163753529917 0 0.0 397.0 1462.0 960
4 1 0 0 0 0.0 0.0 0 0
0
5 1 0.162262651013 0 0.0 398.0 1466.0 969
5 2 0.0 0 0.0 0.0 1462.0 0
5 1 0 0 0 0.0 0.0 0 0
0
6 1 0.0 0 0.0 0.0 1466.0 0
6 2 0.159887697643 0 0.0 400.0 1462.0 986
6 1 0 0 0 0.0 0.0 0 0
0
{1: 0.15649073403698938, 2: 0.1603574175510563, 3: 0.1656332765048233, 4: 0.1637535299170411, 5: 0.16226265101276968, 6: 0.1598876976426049} {1: 0, 2: 0, 3: 0, 4: 0, 5: 0, 6: 0}
0.12 0 0.32247230712
./new_config_single/with_0_coupling/Test_config(70%)/test_config0.13.txt
1 1 0.159328219345 0 0.0 426.0 1562.0 1052
1 2 0.0 0 0.0 0.0 1563.0 0
1 1 0 0 0 0.0 0.0 0 0
0
2 1 0.0 0 0.0 0.0 1562.0 0
2 2 0.162022522594 0 0.0 419.0 1563.0 1018
2 1 0 0 0 0.0 0.0 0 0
0
3 1 0.162106983069 0 0.0 424.0 1562.0 1033
3 2 0.0 0 0.0 0.0 1563.0 0
3 1 0 0 0 0.0 0.0 0 0
0
4 1 0.0 0 0.0 0.0 1562.0 0
4 2 0.160961006873 0 0.0 433.0 1563.0 1065
4 1 0 0 0 0.0 0.0 0 0
0
5 1 0.160833131135 0 0.0 424.0 1562.0 1039
5 2 0.0 0 0.0 0.0 1563.0 0
5 1 0 0 0 0.0 0.0 0 0
0
6 1 0.0 0 0.0 0.0 1562.0 0
6 2 0.159948714044 0 0.0 424.0 1563.0 1043
6 1 0 0 0 0.0 0.0 0 0
0
{1: 0.15932821934517122, 2: 0.16202252259443325, 3: 0.16210698306940935, 4: 0.160961006873194, 5: 0.1608331311346135, 6: 0.15994871404426333} {1: 0, 2: 0, 3: 0, 4: 0, 5: 0, 6: 0}
0.13 0 0.321411792161
./new_config_single/with_0_coupling/Test_config(70%)/test_config0.14.txt
1 1 0.164629411765 0 0.0 465.0 1700.0 1122
1 2 0.0 0 0.0 0.0 1682.0 0
1 1 0 0 0 0.0 0.0 0 0
0
2 1 0.0 0 0.0 0.0 1700.0 0
2 2 0.161446352298 0 0.0 457.0 1682.0 1117
2 1 0 0 0 0.0 0.0 0 0
0
3 1 0.161111072664 0 0.0 463.0 1700.0 1134
3 2 0.0 0 0.0 0.0 1682.0 0
3 1 0 0 0 0.0 0.0 0 0
0
4 1 0.0 0 0.0 0.0 1700.0 0
4 2 0.162032487795 0 0.0 463.0 1682.0 1132
4 1 0 0 0 0.0 0.0 0 0
0
5 1 0.159140484429 0 0.0 463.0 1700.0 1144
5 2 0.0 0 0.0 0.0 1682.0 0
5 1 0 0 0 0.0 0.0 0 0
0
6 1 0.0 0 0.0 0.0 1700.0 0
6 2 0.16065176005 0 0.0 455.0 1682.0 1115
6 1 0 0 0 0.0 0.0 0 0
0
{1: 0.1646294117647059, 2: 0.16144635229845, 3: 0.1611110726643598, 4: 0.16203248779480856, 5: 0.15914048442906573, 6: 0.16065176005010734} {1: 0, 2: 0, 3: 0, 4: 0, 5: 0, 6: 0}
0.14 0 0.322680852477
./new_config_single/with_0_coupling/Test_config(70%)/test_config0.15.txt
1 1 0.160777156332 0 0.0 498.0 1804.0 1225
1 2 0.0 0 0.0 0.0 1814.0 0
1 1 0 0 0 0.0 0.0 0 0
0
2 1 0.0 0 0.0 0.0 1804.0 0
2 2 0.160541053961 0 0.0 492.0 1814.0 1207
2 1 0 0 0 0.0 0.0 0 0
0
3 1 0.160252407805 0 0.0 486.0 1804.0 1192
3 2 0.0 0 0.0 0.0 1814.0 0
3 1 0 0 0 0.0 0.0 0 0
0
4 1 0.0 0 0.0 0.0 1804.0 0
4 2 0.162007049787 0 0.0 498.0 1814.0 1217
4 1 0 0 0 0.0 0.0 0 0
0
5 1 0.161544114213 0 0.0 488.0 1804.0 1191
5 2 0.0 0 0.0 0.0 1814.0 0
5 1 0 0 0 0.0 0.0 0 0
0
6 1 0.0 0 0.0 0.0 1804.0 0
6 2 0.162193110306 0 0.0 494.0 1814.0 1204
6 1 0 0 0 0.0 0.0 0 0
0
{1: 0.16077715633158146, 2: 0.16054105396104534, 3: 0.16025240780527136, 4: 0.16200704978672553, 5: 0.16154411421281117, 6: 0.16219311030585343} {1: 0, 2: 0, 3: 0, 4: 0, 5: 0, 6: 0}
0.15 0 0.32211585917
./new_config_single/with_0_coupling/Test_config(70%)/test_config0.16.txt
1 1 0.163346151122 0 0.0 526.0 1927.0 1276
1 2 0.0 0 0.0 0.0 1919.0 0
1 1 0 0 0 0.0 0.0 0 0
0
2 1 0.0 0 0.0 0.0 1927.0 0
2 2 0.161831059961 0 0.0 525.0 1919.0 1283
2 1 0 0 0 0.0 0.0 0 0
0
3 1 0.159372627634 0 0.0 521.0 1927.0 1284
3 2 0.0 0 0.0 0.0 1919.0 0
3 1 0 0 0 0.0 0.0 0 0
0
4 1 0.0 0 0.0 0.0 1927.0 0
4 2 0.160268628273 0 0.0 521.0 1919.0 1280
4 1 0 0 0 0.0 0.0 0 0
0
5 1 0.161269577783 0 0.0 528.0 1927.0 1294
5 2 0.0 0 0.0 0.0 1919.0 0
5 1 0 0 0 0.0 0.0 0 0
0
6 1 0.0 0 0.0 0.0 1927.0 0
6 2 0.161135891571 0 0.0 521.0 1919.0 1275
6 1 0 0 0 0.0 0.0 0 0
0
{1: 0.1633461511220794, 2: 0.16183105996071756, 3: 0.15937262763412557, 4: 0.1602686282725527, 5: 0.16126957778316975, 6: 0.1611358915711104} {1: 0, 2: 0, 3: 0, 4: 0, 5: 0, 6: 0}
0.16 0 0.322085570802
./new_config_single/with_0_coupling/Test_config(70%)/test_config0.17.txt
1 1 0.159896904829 0 0.0 554.0 2036.0 1364
1 2 0.0 0 0.0 0.0 2028.0 0
1 1 0 0 0 0.0 0.0 0 0
0
2 1 0.0 0 0.0 0.0 2036.0 0
2 2 0.161076049703 0 0.0 550.0 2028.0 1346
2 1 0 0 0 0.0 0.0 0 0
0
3 1 0.160546255322 0 0.0 557.0 2036.0 1369
3 2 0.0 0 0.0 0.0 2028.0 0
3 1 0 0 0 0.0 0.0 0 0
0
4 1 0.0 0 0.0 0.0 2036.0 0
4 2 0.159917406312 0 0.0 554.0 2028.0 1365
4 1 0 0 0 0.0 0.0 0 0
0
5 1 0.161516511728 0 0.0 549.0 2036.0 1339
5 2 0.0 0 0.0 0.0 2028.0 0
5 1 0 0 0 0.0 0.0 0 0
0
6 1 0.0 0 0.0 0.0 2036.0 0
6 2 0.161239625033 0 0.0 550.0 2028.0 1345
6 1 0 0 0 0.0 0.0 0 0
0
{1: 0.15989690482899171, 2: 0.1610760497025859, 3: 0.16054625532169475, 4: 0.1599174063116371, 5: 0.16151651172799236, 6: 0.16123962503258132} {1: 0, 2: 0, 3: 0, 4: 0, 5: 0, 6: 0}
0.17 0 0.321076186724
./new_config_single/with_0_coupling/Test_config(70%)/test_config0.18.txt
1 1 0.160482320735 0 0.0 583.0 2147.0 1431
1 2 0.0 0 0.0 0.0 2136.0 0
1 1 0 0 0 0.0 0.0 0 0
0
2 1 0.0 0 0.0 0.0 2147.0 0
2 2 0.161204689275 0 0.0 582.0 2136.0 1425
2 1 0 0 0 0.0 0.0 0 0
0
3 1 0.160327047261 0 0.0 583.0 2147.0 1432
3 2 0.0 0 0.0 0.0 2136.0 0
3 1 0 0 0 0.0 0.0 0 0
0
4 1 0.0 0 0.0 0.0 2147.0 0
4 2 0.158706495304 0 0.0 578.0 2136.0 1429
4 1 0 0 0 0.0 0.0 0 0
0
5 1 0.161413853106 0 0.0 585.0 2147.0 1431
5 2 0.0 0 0.0 0.0 2136.0 0
5 1 0 0 0 0.0 0.0 0 0
0
6 1 0.0 0 0.0 0.0 2147.0 0
6 2 0.161826991191 0 0.0 581.0 2136.0 1418
6 1 0 0 0 0.0 0.0 0 0
0
{1: 0.16048232073479554, 2: 0.161204689275344, 3: 0.16032704726149227, 4: 0.15870649530432462, 5: 0.16141385310554537, 6: 0.1618269911907868} {1: 0, 2: 0, 3: 0, 4: 0, 5: 0, 6: 0}
0.18 0 0.320999145158
./new_config_single/with_0_coupling/Test_config(70%)/test_config0.19.txt
1 1 0.163418186939 0 0.0 627.0 2294.0 1521
1 2 0.0 0 0.0 0.0 2263.0 0
1 1 0 0 0 0.0 0.0 0 0
0
2 1 0.0 0 0.0 0.0 2294.0 0
2 2 0.161334209045 0 0.0 620.0 2263.0 1519
2 1 0 0 0 0.0 0.0 0 0
0
3 1 0.160052825346 0 0.0 630.0 2294.0 1553
3 2 0.0 0 0.0 0.0 2263.0 0
3 1 0 0 0 0.0 0.0 0 0
0
4 1 0.0 0 0.0 0.0 2294.0 0
4 2 0.159419997661 0 0.0 609.0 2263.0 1499
4 1 0 0 0 0.0 0.0 0 0
0
5 1 0.160504184754 0 0.0 618.0 2294.0 1514
5 2 0.0 0 0.0 0.0 2263.0 0
5 1 0 0 0 0.0 0.0 0 0
0
6 1 0.0 0 0.0 0.0 2294.0 0
6 2 0.159866428934 0 0.0 613.0 2263.0 1508
6 1 0 0 0 0.0 0.0 0 0
0
{1: 0.16341818693852045, 2: 0.1613342090448489, 3: 0.1600528253455244, 4: 0.15941999766069037, 5: 0.16050418475398082, 6: 0.15986642893448744} {1: 0, 2: 0, 3: 0, 4: 0, 5: 0, 6: 0}
0.19 0 0.321210412282
./new_config_single/with_0_coupling/Test_config(70%)/test_config0.2.txt
1 1 0.160950094732 0 0.0 648.0 2381.0 1588
1 2 0.0 0 0.0 0.0 2390.0 0
1 1 0 0 0 0.0 0.0 0 0
0
2 1 0.0 0 0.0 0.0 2381.0 0
2 2 0.16159866774 0 0.0 653.0 2390.0 1597
2 1 0 0 0 0.0 0.0 0 0
0
3 1 0.158970083933 0 0.0 636.0 2381.0 1566
3 2 0.0 0 0.0 0.0 2390.0 0
3 1 0 0 0 0.0 0.0 0 0
0
4 1 0.0 0 0.0 0.0 2381.0 0
4 2 0.160898093521 0 0.0 647.0 2390.0 1584
4 1 0 0 0 0.0 0.0 0 0
0
5 1 0.161491268285 0 0.0 656.0 2381.0 1608
5 2 0.0 0 0.0 0.0 2390.0 0
5 1 0 0 0 0.0 0.0 0 0
0
6 1 0.0 0 0.0 0.0 2381.0 0
6 2 0.160063680608 0 0.0 650.0 2390.0 1599
6 1 0 0 0 0.0 0.0 0 0
0
{1: 0.16095009473183067, 2: 0.1615986677404107, 3: 0.15897008393305462, 4: 0.16089809352077172, 5: 0.1614912682846721, 6: 0.1600636806078325} {1: 0, 2: 0, 3: 0, 4: 0, 5: 0, 6: 0}
0.2 0 0.321002638977
./new_config_single/with_0_coupling/Test_config(70%)/test_config0.21.txt
1 1 0.161688291588 0 0.0 669.0 2471.0 1632
1 2 0.0 0 0.0 0.0 2482.0 0
1 1 0 0 0 0.0 0.0 0 0
0
2 1 0.0 0 0.0 0.0 2471.0 0
2 2 0.161856381255 0 0.0 685.0 2482.0 1677
2 1 0 0 0 0.0 0.0 0 0
0
3 1 0.158587613074 0 0.0 671.0 2471.0 1661
3 2 0.0 0 0.0 0.0 2482.0 0
3 1 0 0 0 0.0 0.0 0 0
0
4 1 0.0 0 0.0 0.0 2471.0 0
4 2 0.159857785078 0 0.0 676.0 2482.0 1665
4 1 0 0 0 0.0 0.0 0 0
0
5 1 0.159809230211 0 0.0 670.0 2471.0 1649
5 2 0.0 0 0.0 0.0 2482.0 0
5 1 0 0 0 0.0 0.0 0 0
0
6 1 0.0 0 0.0 0.0 2471.0 0
6 2 0.159953112856 0 0.0 662.0 2482.0 1622
6 1 0 0 0 0.0 0.0 0 0
0
{1: 0.1616882915883332, 2: 0.16185638125527163, 3: 0.15858761307410396, 4: 0.15985778507753812, 5: 0.15980923021087512, 6: 0.15995311285575242} {1: 0, 2: 0, 3: 0, 4: 0, 5: 0, 6: 0}
0.21 0 0.320263553883
./new_config_single/with_0_coupling/Test_config(70%)/test_config0.22.txt
1 1 0.157574398126 0 0.0 703.0 2604.0 1746
1 2 0.0 0 0.0 0.0 2582.0 0
1 1 0 0 0 0.0 0.0 0 0
0
2 1 0.0 0 0.0 0.0 2604.0 0
2 2 0.16015467267 0 0.0 694.0 2582.0 1702
2 1 0 0 0 0.0 0.0 0 0
0
3 1 0.159363968879 0 0.0 700.0 2604.0 1723
3 2 0.0 0 0.0 0.0 2582.0 0
3 1 0 0 0 0.0 0.0 0 0
0
4 1 0.0 0 0.0 0.0 2604.0 0
4 2 0.158343700744 0 0.0 703.0 2582.0 1743
4 1 0 0 0 0.0 0.0 0 0
0
5 1 0.163850154613 0 0.0 717.0 2604.0 1739
5 2 0.0 0 0.0 0.0 2582.0 0
5 1 0 0 0 0.0 0.0 0 0
0
6 1 0.0 0 0.0 0.0 2604.0 0
6 2 0.161459473949 0 0.0 703.0 2582.0 1719
6 1 0 0 0 0.0 0.0 0 0
0
{1: 0.1575743981255353, 2: 0.16015467266981506, 3: 0.15936396887926169, 4: 0.1583437007441736, 5: 0.16385015461266017, 6: 0.16145947394852406} {1: 0, 2: 0, 3: 0, 4: 0, 5: 0, 6: 0}
0.22 0 0.31992854087
./new_config_single/with_0_coupling/Test_config(70%)/test_config0.23.txt
1 1 0.159852636434 0 0.0 736.0 2715.0 1811
1 2 0.0 0 0.0 0.0 2683.0 0
1 1 0 0 0 0.0 0.0 0 0
0
2 1 0.0 0 0.0 0.0 2715.0 0
2 2 0.158070221403 0 0.0 719.0 2683.0 1779
2 1 0 0 0 0.0 0.0 0 0
0
3 1 0.15824791673 0 0.0 726.0 2715.0 1794
3 2 0.0 0 0.0 0.0 2683.0 0
3 1 0 0 0 0.0 0.0 0 0
0
4 1 0.0 0 0.0 0.0 2715.0 0
4 2 0.158564248692 0 0.0 728.0 2683.0 1802
4 1 0 0 0 0.0 0.0 0 0
0
5 1 0.162177758785 0 0.0 747.0 2715.0 1825
5 2 0.0 0 0.0 0.0 2683.0 0
5 1 0 0 0 0.0 0.0 0 0
0
6 1 0.0 0 0.0 0.0 2715.0 0
6 2 0.160682019518 0 0.0 728.0 2683.0 1785
6 1 0 0 0 0.0 0.0 0 0
0
{1: 0.15985263643424263, 2: 0.15807022140340843, 3: 0.15824791673025856, 4: 0.15856424869163516, 5: 0.16217775878500523, 6: 0.1606820195182628} {1: 0, 2: 0, 3: 0, 4: 0, 5: 0, 6: 0}
0.23 0 0.31887906892
./new_config_single/with_0_coupling/Test_config(70%)/test_config0.24.txt
1 1 0.158571670092 0 0.0 753.0 2809.0 1859
1 2 0.0 0 0.0 0.0 2820.0 0
1 1 0 0 0 0.0 0.0 0 0
0
2 1 0.0 0 0.0 0.0 2809.0 0
2 2 0.157534800815 0 0.0 768.0 2820.0 1911
2 1 0 0 0 0.0 0.0 0 0
0
3 1 0.159761489826 0 0.0 764.0 2809.0 1882
3 2 0.0 0 0.0 0.0 2820.0 0
3 1 0 0 0 0.0 0.0 0 0
0
4 1 0.0 0 0.0 0.0 2809.0 0
4 2 0.160093053669 0 0.0 749.0 2820.0 1832
4 1 0 0 0 0.0 0.0 0 0
0
5 1 0.15964498869 0 0.0 762.0 2809.0 1877
5 2 0.0 0 0.0 0.0 2820.0 0
5 1 0 0 0 0.0 0.0 0 0
0
6 1 0.0 0 0.0 0.0 2809.0 0
6 2 0.160983822494 0 0.0 773.0 2820.0 1897
6 1 0 0 0 0.0 0.0 0 0
0
{1: 0.1585716700921021, 2: 0.15753480081484833, 3: 0.15976148982552524, 4: 0.16009305366933252, 5: 0.15964498868953614, 6: 0.1609838224938383} {1: 0, 2: 0, 3: 0, 4: 0, 5: 0, 6: 0}
0.24 0 0.31854441192
./new_config_single/with_0_coupling/Test_config(70%)/test_config0.25.txt
1 1 0.159064262318 0 0.0 783.0 2919.0 1929
1 2 0.0 0 0.0 0.0 2923.0 0
1 1 0 0 0 0.0 0.0 0 0
0
2 1 0.0 0 0.0 0.0 2919.0 0
2 2 0.159905676885 0 0.0 785.0 2923.0 1927
2 1 0 0 0 0.0 0.0 0 0
0
3 1 0.161117648239 0 0.0 801.0 2919.0 1965
3 2 0.0 0 0.0 0.0 2923.0 0
3 1 0 0 0 0.0 0.0 0 0
0
4 1 0.0 0 0.0 0.0 2919.0 0
4 2 0.160140609783 0 0.0 798.0 2923.0 1964
4 1 0 0 0 0.0 0.0 0 0
0
5 1 0.158730041367 0 0.0 787.0 2919.0 1944
5 2 0.0 0 0.0 0.0 2923.0 0
5 1 0 0 0 0.0 0.0 0 0
0
6 1 0.0 0 0.0 0.0 2919.0 0
6 2 0.158777858524 0 0.0 791.0 2923.0 1955
6 1 0 0 0 0.0 0.0 0 0
0
{1: 0.1590642623179389, 2: 0.15990567688472127, 3: 0.16111764823935892, 4: 0.16014060978268901, 5: 0.15873004136699448, 6: 0.15877785852387116} {1: 0, 2: 0, 3: 0, 4: 0, 5: 0, 6: 0}
0.25 0 0.318926120339
./new_config_single/with_0_coupling/Test_config(70%)/test_config0.26.txt
1 1 0.158109573802 0 0.0 814.0 3049.0 2012
1 2 0.0 0 0.0 0.0 3033.0 0
1 1 0 0 0 0.0 0.0 0 0
0
2 1 0.0 0 0.0 0.0 3049.0 0
2 2 0.160096070383 0 0.0 834.0 3033.0 2056
2 1 0 0 0 0.0 0.0 0 0
0
3 1 0.159208789509 0 0.0 829.0 3049.0 2047
3 2 0.0 0 0.0 0.0 3033.0 0
3 1 0 0 0 0.0 0.0 0 0
0
4 1 0.0 0 0.0 0.0 3049.0 0
4 2 0.156044120238 0 0.0 802.0 3033.0 1997
4 1 0 0 0 0.0 0.0 0 0
0
5 1 0.160743792141 0 0.0 831.0 3049.0 2039
5 2 0.0 0 0.0 0.0 3033.0 0
5 1 0 0 0 0.0 0.0 0 0
0
6 1 0.0 0 0.0 0.0 3049.0 0
6 2 0.159575774297 0 0.0 818.0 3033.0 2013
6 1 0 0 0 0.0 0.0 0 0
0
{1: 0.15810957380173252, 2: 0.16009607038262158, 3: 0.15920878950897238, 4: 0.15604412023842795, 5: 0.16074379214063594, 6: 0.15957577429678094} {1: 0, 2: 0, 3: 0, 4: 0, 5: 0, 6: 0}
0.26 0 0.317608114083
./new_config_single/with_0_coupling/Test_config(70%)/test_config0.27.txt
1 1 0.159123164474 0 0.0 835.0 3123.0 2055
1 2 0.0 0 0.0 0.0 3145.0 0
1 1 0 0 0 0.0 0.0 0 0
0
2 1 0.0 0 0.0 0.0 3123.0 0
2 2 0.159848220988 0 0.0 861.0 3145.0 2123
2 1 0 0 0 0.0 0.0 0 0
0
3 1 0.158501210227 0 0.0 843.0 3123.0 2085
3 2 0.0 0 0.0 0.0 3145.0 0
3 1 0 0 0 0.0 0.0 0 0
0
4 1 0.0 0 0.0 0.0 3123.0 0
4 2 0.159154283808 0 0.0 832.0 3145.0 2042
4 1 0 0 0 0.0 0.0 0 0
0
5 1 0.158806881361 0 0.0 851.0 3123.0 2106
5 2 0.0 0 0.0 0.0 3145.0 0
5 1 0 0 0 0.0 0.0 0 0
0
6 1 0.0 0 0.0 0.0 3123.0 0
6 2 0.158361620762 0 0.0 857.0 3145.0 2125
6 1 0 0 0 0.0 0.0 0 0
0
{1: 0.15912316447367814, 2: 0.1598482209882191, 3: 0.15850121022699482, 4: 0.15915428380779545, 5: 0.15880688136084328, 6: 0.1583616207622567} {1: 0, 2: 0, 3: 0, 4: 0, 5: 0, 6: 0}
0.27 0 0.317613862079
./new_config_single/with_0_coupling/Test_config(70%)/test_config0.28.txt
1 1 0.16065492743 0 0.0 893.0 3290.0 2190
1 2 0.0 0 0.0 0.0 3268.0 0
1 1 0 0 0 0.0 0.0 0 0
0
2 1 0.0 0 0.0 0.0 3290.0 0
2 2 0.159452978813 0 0.0 879.0 3268.0 2163
2 1 0 0 0 0.0 0.0 0 0
0
3 1 0.160953705158 0 0.0 890.0 3290.0 2178
3 2 0.0 0 0.0 0.0 3268.0 0
3 1 0 0 0 0.0 0.0 0 0
0
4 1 0.0 0 0.0 0.0 3290.0 0
4 2 0.159458596883 0 0.0 885.0 3268.0 2181
4 1 0 0 0 0.0 0.0 0 0
0
5 1 0.159330013581 0 0.0 896.0 3290.0 2212
5 2 0.0 0 0.0 0.0 3268.0 0
5 1 0 0 0 0.0 0.0 0 0
0
6 1 0.0 0 0.0 0.0 3290.0 0
6 2 0.158638569325 0 0.0 886.0 3268.0 2192
6 1 0 0 0 0.0 0.0 0 0
0
{1: 0.1606549274304561, 2: 0.159452978813134, 3: 0.1609537051579346, 4: 0.15945859688324449, 5: 0.1593300135808058, 6: 0.1586385693247379} {1: 0, 2: 0, 3: 0, 4: 0, 5: 0, 6: 0}
0.28 0 0.319176767466
./new_config_single/with_0_coupling/Test_config(70%)/test_config0.29.txt
1 1 0.160100424704 0 0.0 911.0 3368.0 2238
1 2 0.0 0 0.0 0.0 3366.0 0
1 1 0 0 0 0.0 0.0 0 0
0
2 1 0.0 0 0.0 0.0 3368.0 0
2 2 0.159041041289 0 0.0 908.0 3366.0 2240
2 1 0 0 0 0.0 0.0 0 0
0
3 1 0.159210812361 0 0.0 911.0 3368.0 2247
3 2 0.0 0 0.0 0.0 3366.0 0
3 1 0 0 0 0.0 0.0 0 0
0
4 1 0.0 0 0.0 0.0 3368.0 0
4 2 0.158632566623 0 0.0 916.0 3366.0 2268
4 1 0 0 0 0.0 0.0 0 0
0
5 1 0.16029884363 0 0.0 916.0 3368.0 2251
5 2 0.0 0 0.0 0.0 3366.0 0
5 1 0 0 0 0.0 0.0 0 0
0
6 1 0.0 0 0.0 0.0 3368.0 0
6 2 0.158834509154 0 0.0 902.0 3366.0 2224
6 1 0 0 0 0.0 0.0 0 0
0
{1: 0.16010042470421626, 2: 0.15904104128912766, 3: 0.1592108123614175, 4: 0.15863256662250055, 5: 0.16029884362957783, 6: 0.15883450915431624} {1: 0, 2: 0, 3: 0, 4: 0, 5: 0, 6: 0}
0.29 0 0.318387359854
./new_config_single/with_0_coupling/Test_config(70%)/test_config0.3.txt
1 1 0.160195704452 0 0.0 934.0 3463.0 2292
1 2 0.0 0 0.0 0.0 3483.0 0
1 1 0 0 0 0.0 0.0 0 0
0
2 1 0.0 0 0.0 0.0 3463.0 0
2 2 0.160298938555 0 0.0 941.0 3483.0 2309
2 1 0 0 0 0.0 0.0 0 0
0
3 1 0.15933396896 0 0.0 934.0 3463.0 2301
3 2 0.0 0 0.0 0.0 3483.0 0
3 1 0 0 0 0.0 0.0 0 0
0
4 1 0.0 0 0.0 0.0 3463.0 0
4 2 0.158572328959 0 0.0 933.0 3483.0 2303
4 1 0 0 0 0.0 0.0 0 0
0
5 1 0.157686504643 0 0.0 939.0 3463.0 2333
5 2 0.0 0 0.0 0.0 3483.0 0
5 1 0 0 0 0.0 0.0 0 0
0
6 1 0.0 0 0.0 0.0 3463.0 0
6 2 0.158845774756 0 0.0 951.0 3483.0 2354
6 1 0 0 0 0.0 0.0 0 0
0
{1: 0.1601957044517226, 2: 0.16029893855467464, 3: 0.15933396895976099, 4: 0.15857232895861273, 5: 0.1576865046430776, 6: 0.15884577475649947} {1: 0, 2: 0, 3: 0, 4: 0, 5: 0, 6: 0}
0.3 0 0.317992762368
./new_config_single/with_0_coupling/Test_config(70%)/test_config0.31.txt
1 1 0.160940092528 0 0.0 982.0 3592.0 2409
1 2 0.0 0 0.0 0.0 3576.0 0
1 1 0 0 0 0.0 0.0 0 0
0
2 1 0.0 0 0.0 0.0 3592.0 0
2 2 0.158461017772 0 0.0 960.0 3576.0 2372
2 1 0 0 0 0.0 0.0 0 0
0
3 1 0.157974457437 0 0.0 966.0 3592.0 2393
3 2 0.0 0 0.0 0.0 3576.0 0
3 1 0 0 0 0.0 0.0 0 0
0
4 1 0.0 0 0.0 0.0 3592.0 0
4 2 0.158649303053 0 0.0 967.0 3576.0 2391
4 1 0 0 0 0.0 0.0 0 0
0
5 1 0.157878603653 0 0.0 962.0 3592.0 2382
5 2 0.0 0 0.0 0.0 3576.0 0
5 1 0 0 0 0.0 0.0 0 0
0
6 1 0.0 0 0.0 0.0 3592.0 0
6 2 0.15883620029 0 0.0 967.0 3576.0 2389
6 1 0 0 0 0.0 0.0 0 0
0
{1: 0.16094009252806285, 2: 0.15846101777197225, 3: 0.15797445743696706, 4: 0.15864930305316577, 5: 0.15787860365275969, 6: 0.15883620029002696} {1: 0, 2: 0, 3: 0, 4: 0, 5: 0, 6: 0}
0.31 0 0.317262311686
./new_config_single/with_0_coupling/Test_config(70%)/test_config0.32.txt
1 1 0.158179843306 0 0.0 985.0 3682.0 2435
1 2 0.0 0 0.0 0.0 3683.0 0
1 1 0 0 0 0.0 0.0 0 0
0
2 1 0.0 0 0.0 0.0 3682.0 0
2 2 0.157084336166 0 0.0 983.0 3683.0 2441
2 1 0 0 0 0.0 0.0 0 0
0
3 1 0.159000666366 0 0.0 992.0 3682.0 2447
3 2 0.0 0 0.0 0.0 3683.0 0
3 1 0 0 0 0.0 0.0 0 0
0
4 1 0.0 0 0.0 0.0 3682.0 0
4 2 0.159530963533 0 0.0 999.0 3683.0 2462
4 1 0 0 0 0.0 0.0 0 0
0
5 1 0.158535320618 0 0.0 1002.0 3682.0 2482
5 2 0.0 0 0.0 0.0 3683.0 0
5 1 0 0 0 0.0 0.0 0 0
0
6 1 0.0 0 0.0 0.0 3682.0 0
6 2 0.158625640081 0 0.0 996.0 3683.0 2463
6 1 0 0 0 0.0 0.0 0 0
0
{1: 0.15817984330599916, 2: 0.1570843361662942, 3: 0.15900066636552115, 4: 0.15953096353279508, 5: 0.1585353206181488, 6: 0.15862564008124452} {1: 0, 2: 0, 3: 0, 4: 0, 5: 0, 6: 0}
0.32 0 0.316668604433
./new_config_single/with_0_coupling/Test_config(70%)/test_config0.33.txt
1 1 0.157941330255 0 0.0 1022.0 3808.0 2531
1 2 0.0 0 0.0 0.0 3784.0 0
1 1 0 0 0 0.0 0.0 0 0
0
2 1 0.0 0 0.0 0.0 3808.0 0
2 2 0.155331897072 0 0.0 1010.0 3784.0 2528
2 1 0 0 0 0.0 0.0 0 0
0
3 1 0.158552466253 0 0.0 1031.0 3808.0 2551
3 2 0.0 0 0.0 0.0 3784.0 0
3 1 0 0 0 0.0 0.0 0 0
0
4 1 0.0 0 0.0 0.0 3808.0 0
4 2 0.159119892258 0 0.0 1021.0 3784.0 2518
4 1 0 0 0 0.0 0.0 0 0
0
5 1 0.159254993358 0 0.0 1028.0 3808.0 2534
5 2 0.0 0 0.0 0.0 3784.0 0
5 1 0 0 0 0.0 0.0 0 0
0
6 1 0.0 0 0.0 0.0 3808.0 0
6 2 0.160353527594 0 0.0 1027.0 3784.0 2522
6 1 0 0 0 0.0 0.0 0 0
0
{1: 0.15794133025452828, 2: 0.15533189707190398, 3: 0.15855246625304534, 4: 0.1591198922580443, 5: 0.15925499335763715, 6: 0.16035352759365123} {1: 0, 2: 0, 3: 0, 4: 0, 5: 0, 6: 0}
0.33 0 0.316534517561
./new_config_single/with_0_coupling/Test_config(70%)/test_config0.34.txt
1 1 0.158471464215 0 0.0 1042.0 3871.0 2576
1 2 0.0 0 0.0 0.0 3915.0 0
1 1 0 0 0 0.0 0.0 0 0
0
2 1 0.0 0 0.0 0.0 3871.0 0
2 2 0.15938330324 0 0.0 1064.0 3915.0 2625
2 1 0 0 0 0.0 0.0 0 0
0
3 1 0.156918724312 0 0.0 1033.0 3871.0 2567
3 2 0.0 0 0.0 0.0 3915.0 0
3 1 0 0 0 0.0 0.0 0 0
0
4 1 0.0 0 0.0 0.0 3871.0 0
4 2 0.158018803143 0 0.0 1060.0 3915.0 2629
4 1 0 0 0 0.0 0.0 0 0
0
5 1 0.158293999169 0 0.0 1049.0 3871.0 2599
5 2 0.0 0 0.0 0.0 3915.0 0
5 1 0 0 0 0.0 0.0 0 0
0
6 1 0.0 0 0.0 0.0 3871.0 0
6 2 0.158686976932 0 0.0 1045.0 3915.0 2576
6 1 0 0 0 0.0 0.0 0 0
0
{1: 0.15847146421459146, 2: 0.15938330323982328, 3: 0.1569187243124477, 4: 0.15801880314277375, 5: 0.1582939991688823, 6: 0.1586869769315711} {1: 0, 2: 0, 3: 0, 4: 0, 5: 0, 6: 0}
0.34 0 0.316274499246
./new_config_single/with_0_coupling/Test_config(70%)/test_config0.35.txt
1 1 0.15537001266 0 0.0 1060.0 3969.0 2653
1 2 0.0 0 0.0 0.0 4013.0 0
1 1 0 0 0 0.0 0.0 0 0
0
2 1 0.0 0 0.0 0.0 3969.0 0
2 2 0.159106176171 0 0.0 1095.0 4013.0 2707
2 1 0 0 0 0.0 0.0 0 0
0
3 1 0.159474447375 0 0.0 1065.0 3969.0 2619
3 2 0.0 0 0.0 0.0 4013.0 0
3 1 0 0 0 0.0 0.0 0 0
0
4 1 0.0 0 0.0 0.0 3969.0 0
4 2 0.158608121909 0 0.0 1072.0 4013.0 2644
4 1 0 0 0 0.0 0.0 0 0
0
5 1 0.159311700194 0 0.0 1080.0 3969.0 2666
5 2 0.0 0 0.0 0.0 4013.0 0
5 1 0 0 0 0.0 0.0 0 0
0
6 1 0.0 0 0.0 0.0 3969.0 0
6 2 0.157045157065 0 0.0 1076.0 4013.0 2675
6 1 0 0 0 0.0 0.0 0 0
0
{1: 0.15537001265984218, 2: 0.1591061761709033, 3: 0.15947444737532201, 4: 0.15860812190930185, 5: 0.15931170019401433, 6: 0.15704515706460853} {1: 0, 2: 0, 3: 0, 4: 0, 5: 0, 6: 0}
0.35 0 0.31598889992
./new_config_single/with_0_coupling/Test_config(70%)/test_config0.36.txt
1 1 0.156770848598 0 0.0 1111.0 4093.0 2772
1 2 0.0 0 0.0 0.0 4117.0 0
1 1 0 0 0 0.0 0.0 0 0
0
2 1 0.0 0 0.0 0.0 4093.0 0
2 2 0.157098265933 0 0.0 1107.0 4117.0 2753
2 1 0 0 0 0.0 0.0 0 0
0
3 1 0.156635511793 0 0.0 1094.0 4093.0 2723
3 2 0.0 0 0.0 0.0 4117.0 0
3 1 0 0 0 0.0 0.0 0 0
0
4 1 0.0 0 0.0 0.0 4093.0 0
4 2 0.157488376335 0 0.0 1095.0 4117.0 2712
4 1 0 0 0 0.0 0.0 0 0
0
5 1 0.159953852671 0 0.0 1097.0 4093.0 2691
5 2 0.0 0 0.0 0.0 4117.0 0
5 1 0 0 0 0.0 0.0 0 0
0
6 1 0.0 0 0.0 0.0 4093.0 0
6 2 0.160167230797 0 0.0 1125.0 4117.0 2769
6 1 0 0 0 0.0 0.0 0 0
0
{1: 0.15677084859833212, 2: 0.15709826593278498, 3: 0.15663551179279173, 4: 0.15748837633540064, 5: 0.1599538526712999, 6: 0.16016723079697806} {1: 0, 2: 0, 3: 0, 4: 0, 5: 0, 6: 0}
0.36 0 0.31572199068
./new_config_single/with_0_coupling/Test_config(70%)/test_config0.37.txt
1 1 0.155835009238 0 0.0 1117.0 4196.0 2788
1 2 0.0 0 0.0 0.0 4223.0 0
1 1 0 0 0 0.0 0.0 0 0
0
2 1 0.0 0 0.0 0.0 4196.0 0
2 2 0.160127573431 0 0.0 1148.0 4223.0 2823
2 1 0 0 0 0.0 0.0 0 0
0
3 1 0.159172301166 0 0.0 1136.0 4196.0 2803
3 2 0.0 0 0.0 0.0 4223.0 0
3 1 0 0 0 0.0 0.0 0 0
0
4 1 0.0 0 0.0 0.0 4196.0 0
4 2 0.156813193696 0 0.0 1131.0 4223.0 2814
4 1 0 0 0 0.0 0.0 0 0
0
5 1 0.158139836637 0 0.0 1131.0 4196.0 2801
5 2 0.0 0 0.0 0.0 4223.0 0
5 1 0 0 0 0.0 0.0 0 0
0
6 1 0.0 0 0.0 0.0 4196.0 0
6 2 0.157207320466 0 0.0 1131.0 4223.0 2809
6 1 0 0 0 0.0 0.0 0 0
0
{1: 0.15583500923754162, 2: 0.16012757343122125, 3: 0.15917230116566597, 4: 0.15681319369605762, 5: 0.15813983663682607, 6: 0.15720732046561883} {1: 0, 2: 0, 3: 0, 4: 0, 5: 0, 6: 0}
0.37 0 0.315449313133
./new_config_single/with_0_coupling/Test_config(70%)/test_config0.38.txt
1 1 0.155946934559 0 0.0 1150.0 4312.0 2870
1 2 0.0 0 0.0 0.0 4306.0 0
1 1 0 0 0 0.0 0.0 0 0
0
2 1 0.0 0 0.0 0.0 4312.0 0
2 2 0.158022247875 0 0.0 1160.0 4306.0 2874
2 1 0 0 0 0.0 0.0 0 0
0
3 1 0.159500302904 0 0.0 1162.0 4312.0 2860
3 2 0.0 0 0.0 0.0 4306.0 0
3 1 0 0 0 0.0 0.0 0 0
0
4 1 0.0 0 0.0 0.0 4312.0 0
4 2 0.158325713545 0 0.0 1153.0 4306.0 2849
4 1 0 0 0 0.0 0.0 0 0
0
5 1 0.158261311144 0 0.0 1168.0 4312.0 2894
5 2 0.0 0 0.0 0.0 4306.0 0
5 1 0 0 0 0.0 0.0 0 0
0
6 1 0.0 0 0.0 0.0 4312.0 0
6 2 0.158017865845 0 0.0 1165.0 4306.0 2889
6 1 0 0 0 0.0 0.0 0 0
0
{1: 0.15594693455894754, 2: 0.15802224787499872, 3: 0.159500302904093, 4: 0.15832571354544983, 5: 0.15826131114446115, 6: 0.15801786584527922} {1: 0, 2: 0, 3: 0, 4: 0, 5: 0, 6: 0}
0.38 0 0.315708767166
./new_config_single/with_0_coupling/Test_config(70%)/test_config0.39.txt
1 1 0.155823260877 0 0.0 1170.0 4391.0 2921
1 2 0.0 0 0.0 0.0 4426.0 0
1 1 0 0 0 0.0 0.0 0 0
0
2 1 0.0 0 0.0 0.0 4391.0 0
2 2 0.158177163595 0 0.0 1198.0 4426.0 2969
2 1 0 0 0 0.0 0.0 0 0
0
3 1 0.157190120099 0 0.0 1179.0 4391.0 2930
3 2 0.0 0 0.0 0.0 4426.0 0
3 1 0 0 0 0.0 0.0 0 0
0
4 1 0.0 0 0.0 0.0 4391.0 0
4 2 0.157202354468 0 0.0 1187.0 4426.0 2949
4 1 0 0 0 0.0 0.0 0 0
0
5 1 0.15870829502 0 0.0 1186.0 4391.0 2931
5 2 0.0 0 0.0 0.0 4426.0 0
5 1 0 0 0 0.0 0.0 0 0
0
6 1 0.0 0 0.0 0.0 4391.0 0
6 2 0.157198844931 0 0.0 1182.0 4426.0 2934
6 1 0 0 0 0.0 0.0 0 0
0
{1: 0.15582326087692777, 2: 0.15817716359539175, 3: 0.1571901200987652, 4: 0.15720235446828695, 5: 0.15870829502033645, 6: 0.15719884493081895} {1: 0, 2: 0, 3: 0, 4: 0, 5: 0, 6: 0}
0.39 0 0.314451912984
./new_config_single/with_0_coupling/Test_config(70%)/test_config0.4.txt
1 1 0.155469373406 0 0.0 1214.0 4507.0 3042
1 2 0.0 0 0.0 0.0 4517.0 0
1 1 0 0 0 0.0 0.0 0 0
0
2 1 0.0 0 0.0 0.0 4507.0 0
2 2 0.157597875519 0 0.0 1220.0 4517.0 3030
2 1 0 0 0 0.0 0.0 0 0
0
3 1 0.159092118569 0 0.0 1205.0 4507.0 2966
3 2 0.0 0 0.0 0.0 4517.0 0
3 1 0 0 0 0.0 0.0 0 0
0
4 1 0.0 0 0.0 0.0 4507.0 0
4 2 0.157520277736 0 0.0 1222.0 4517.0 3037
4 1 0 0 0 0.0 0.0 0 0
0
5 1 0.156595890651 0 0.0 1207.0 4507.0 3006
5 2 0.0 0 0.0 0.0 4517.0 0
5 1 0 0 0 0.0 0.0 0 0
0
6 1 0.0 0 0.0 0.0 4507.0 0
6 2 0.156471133159 0 0.0 1194.0 4517.0 2967
6 1 0 0 0 0.0 0.0 0 0
0
{1: 0.1554693734062277, 2: 0.15759787551899107, 3: 0.1590921185687092, 4: 0.1575202777356141, 5: 0.15659589065137391, 6: 0.1564711331589726} {1: 0, 2: 0, 3: 0, 4: 0, 5: 0, 6: 0}
0.4 0 0.31393464079
./new_config_single/with_0_coupling/Test_config(70%)/test_config0.41.txt
1 1 0.159256661428 0 0.0 1248.0 4611.0 3078
1 2 0.0 0 0.0 0.0 4589.0 0
1 1 0 0 0 0.0 0.0 0 0
0
2 1 0.0 0 0.0 0.0 4611.0 0
2 2 0.158030924281 0 0.0 1229.0 4589.0 3041
2 1 0 0 0 0.0 0.0 0 0
0
3 1 0.155569437572 0 0.0 1232.0 4611.0 3081
3 2 0.0 0 0.0 0.0 4589.0 0
3 1 0 0 0 0.0 0.0 0 0
0
4 1 0.0 0 0.0 0.0 4611.0 0
4 2 0.156726963836 0 0.0 1227.0 4589.0 3053
4 1 0 0 0 0.0 0.0 0 0
0
5 1 0.15730357253 0 0.0 1234.0 4611.0 3063
5 2 0.0 0 0.0 0.0 4589.0 0
5 1 0 0 0 0.0 0.0 0 0
0
6 1 0.0 0 0.0 0.0 4611.0 0
6 2 0.156865491826 0 0.0 1238.0 4589.0 3084
6 1 0 0 0 0.0 0.0 0 0
0
{1: 0.15925666142757544, 2: 0.15803092428144824, 3: 0.15556943757163538, 4: 0.15672696383637125, 5: 0.15730357252966548, 6: 0.15686549182648055} {1: 0, 2: 0, 3: 0, 4: 0, 5: 0, 6: 0}
0.41 0 0.314269766141
./new_config_single/with_0_coupling/Test_config(70%)/test_config0.42.txt
1 1 0.156697324381 0 0.0 1257.0 4723.0 3125
1 2 0.0 0 0.0 0.0 4703.0 0
1 1 0 0 0 0.0 0.0 0 0
0
2 1 0.0 0 0.0 0.0 4723.0 0
2 2 0.155440162447 0 0.0 1234.0 4703.0 3076
2 1 0 0 0 0.0 0.0 0 0
0
3 1 0.157901411722 0 0.0 1275.0 4723.0 3162
3 2 0.0 0 0.0 0.0 4703.0 0
3 1 0 0 0 0.0 0.0 0 0
0
4 1 0.0 0 0.0 0.0 4723.0 0
4 2 0.158286007696 0 0.0 1284.0 4703.0 3186
4 1 0 0 0 0.0 0.0 0 0
0
5 1 0.157690477613 0 0.0 1273.0 4723.0 3159
5 2 0.0 0 0.0 0.0 4703.0 0
5 1 0 0 0 0.0 0.0 0 0
0
6 1 0.0 0 0.0 0.0 4723.0 0
6 2 0.157676283826 0 0.0 1267.0 4703.0 3144
6 1 0 0 0 0.0 0.0 0 0
0
{1: 0.15669732438135595, 2: 0.15544016244714928, 3: 0.1579014117219965, 4: 0.15828600769619272, 5: 0.1576904776132798, 6: 0.1576762838256931} {1: 0, 2: 0, 3: 0, 4: 0, 5: 0, 6: 0}
0.42 0 0.314249325339
./new_config_single/with_0_coupling/Test_config(70%)/test_config0.43.txt
1 1 0.157164421689 0 0.0 1278.0 4791.0 3172
1 2 0.0 0 0.0 0.0 4796.0 0
1 1 0 0 0 0.0 0.0 0 0
0
2 1 0.0 0 0.0 0.0 4791.0 0
2 2 0.157190694776 0 0.0 1289.0 4796.0 3204
2 1 0 0 0 0.0 0.0 0 0
0
3 1 0.158964525123 0 0.0 1306.0 4791.0 3230
3 2 0.0 0 0.0 0.0 4796.0 0
3 1 0 0 0 0.0 0.0 0 0
0
4 1 0.0 0 0.0 0.0 4791.0 0
4 2 0.15475395294 0 0.0 1282.0 4796.0 3218
4 1 0 0 0 0.0 0.0 0 0
0
5 1 0.154314987648 0 0.0 1267.0 4791.0 3180
5 2 0.0 0 0.0 0.0 4796.0 0
5 1 0 0 0 0.0 0.0 0 0
0
6 1 0.0 0 0.0 0.0 4791.0 0
6 2 0.159337630886 0 0.0 1288.0 4796.0 3170
6 1 0 0 0 0.0 0.0 0 0
0
{1: 0.1571644216890528, 2: 0.15719069477553227, 3: 0.15896452512344317, 4: 0.15475395293965427, 5: 0.1543149876483863, 6: 0.15933763088645597} {1: 0, 2: 0, 3: 0, 4: 0, 5: 0, 6: 0}
0.43 0 0.31359482895
./new_config_single/with_0_coupling/Test_config(70%)/test_config0.44.txt
1 1 0.15609796116 0 0.0 1307.0 4905.0 3259
1 2 0.0 0 0.0 0.0 4885.0 0
1 1 0 0 0 0.0 0.0 0 0
0
2 1 0.0 0 0.0 0.0 4905.0 0
2 2 0.157713217723 0 0.0 1319.0 4885.0 3274
2 1 0 0 0 0.0 0.0 0 0
0
3 1 0.157317430777 0 0.0 1324.0 4905.0 3292
3 2 0.0 0 0.0 0.0 4885.0 0
3 1 0 0 0 0.0 0.0 0 0
0
4 1 0.0 0 0.0 0.0 4905.0 0
4 2 0.15655355678 0 0.0 1313.0 4885.0 3273
4 1 0 0 0 0.0 0.0 0 0
0
5 1 0.156301834758 0 0.0 1308.0 4905.0 3259
5 2 0.0 0 0.0 0.0 4885.0 0
5 1 0 0 0 0.0 0.0 0 0
0
6 1 0.0 0 0.0 0.0 4905.0 0
6 2 0.154838574836 0 0.0 1288.0 4885.0 3223
6 1 0 0 0 0.0 0.0 0 0
0
{1: 0.15609796116010521, 2: 0.15771321772308644, 3: 0.1573174307770161, 4: 0.15655355678035976, 5: 0.1563018347584742, 6: 0.15483857483638527} {1: 0, 2: 0, 3: 0, 4: 0, 5: 0, 6: 0}
0.44 0 0.31262791782
./new_config_single/with_0_coupling/Test_config(70%)/test_config0.45.txt
1 1 0.156391138874 0 0.0 1336.0 5013.0 3327
1 2 0.0 0 0.0 0.0 5013.0 0
1 1 0 0 0 0.0 0.0 0 0
0
2 1 0.0 0 0.0 0.0 5013.0 0
2 2 0.155523695444 0 0.0 1329.0 5013.0 3319
2 1 0 0 0 0.0 0.0 0 0
0
3 1 0.154661663835 0 0.0 1338.0 5013.0 3359
3 2 0.0 0 0.0 0.0 5013.0 0
3 1 0 0 0 0.0 0.0 0 0
0
4 1 0.0 0 0.0 0.0 5013.0 0
4 2 0.155994056387 0 0.0 1341.0 5013.0 3348
4 1 0 0 0 0.0 0.0 0 0
0
5 1 0.157922694432 0 0.0 1348.0 5013.0 3340
5 2 0.0 0 0.0 0.0 5013.0 0
5 1 0 0 0 0.0 0.0 0 0
0
6 1 0.0 0 0.0 0.0 5013.0 0
6 2 0.158651290805 0 0.0 1358.0 5013.0 3359
6 1 0 0 0 0.0 0.0 0 0
0
{1: 0.15639113887375766, 2: 0.15552369544351258, 3: 0.1546616638352094, 4: 0.15599405638696662, 5: 0.15792269443154167, 6: 0.15865129080508772} {1: 0, 2: 0, 3: 0, 4: 0, 5: 0, 6: 0}
0.45 0 0.312735131745
./new_config_single/with_0_coupling/Test_config(70%)/test_config0.46.txt
1 1 0.156148048553 0 0.0 1350.0 5091.0 3362
1 2 0.0 0 0.0 0.0 5102.0 0
1 1 0 0 0 0.0 0.0 0 0
0
2 1 0.0 0 0.0 0.0 5091.0 0
2 2 0.156778242858 0 0.0 1363.0 5102.0 3390
2 1 0 0 0 0.0 0.0 0 0
0
3 1 0.157991139536 0 0.0 1371.0 5091.0 3397
3 2 0.0 0 0.0 0.0 5102.0 0
3 1 0 0 0 0.0 0.0 0 0
0
4 1 0.0 0 0.0 0.0 5091.0 0
4 2 0.155864801407 0 0.0 1362.0 5102.0 3401
4 1 0 0 0 0.0 0.0 0 0
0
5 1 0.155495063504 0 0.0 1367.0 5091.0 3423
5 2 0.0 0 0.0 0.0 5102.0 0
5 1 0 0 0 0.0 0.0 0 0
0
6 1 0.0 0 0.0 0.0 5091.0 0
6 2 0.156451499946 0 0.0 1369.0 5102.0 3413
6 1 0 0 0 0.0 0.0 0 0
0
{1: 0.1561480485530657, 2: 0.1567782428578519, 3: 0.1579911395358357, 4: 0.15586480140684716, 5: 0.15549506350363285, 6: 0.15645149994598623} {1: 0, 2: 0, 3: 0, 4: 0, 5: 0, 6: 0}
0.46 0 0.312596689002
./new_config_single/with_0_coupling/Test_config(70%)/test_config0.47.txt
1 1 0.154853334068 0 0.0 1371.0 5159.0 3436
1 2 0.0 0 0.0 0.0 5165.0 0
1 1 0 0 0 0.0 0.0 0 0
0
2 1 0.0 0 0.0 0.0 5159.0 0
2 2 0.155964263524 0 0.0 1380.0 5165.0 3445
2 1 0 0 0 0.0 0.0 0 0
0
3 1 0.155951791379 0 0.0 1377.0 5159.0 3437
3 2 0.0 0 0.0 0.0 5165.0 0
3 1 0 0 0 0.0 0.0 0 0
0
4 1 0.0 0 0.0 0.0 5159.0 0
4 2 0.156157874367 0 0.0 1381.0 5165.0 3445
4 1 0 0 0 0.0 0.0 0 0
0
5 1 0.155822316886 0 0.0 1379.0 5159.0 3445
5 2 0.0 0 0.0 0.0 5165.0 0
5 1 0 0 0 0.0 0.0 0 0
0
6 1 0.0 0 0.0 0.0 5159.0 0
6 2 0.154931594272 0 0.0 1373.0 5165.0 3440
6 1 0 0 0 0.0 0.0 0 0
0
{1: 0.15485333406774854, 2: 0.15596426352441078, 3: 0.15595179137879475, 4: 0.15615787436661793, 5: 0.15582231688630305, 6: 0.15493159427189296} {1: 0, 2: 0, 3: 0, 4: 0, 5: 0, 6: 0}
0.47 0 0.310915831107
./new_config_single/with_0_coupling/Test_config(70%)/test_config0.48.txt
1 1 0.157273780658 0 0.0 1419.0 5321.0 3520
1 2 0.0 0 0.0 0.0 5291.0 0
1 1 0 0 0 0.0 0.0 0 0
0
2 1 0.0 0 0.0 0.0 5321.0 0
2 2 0.15533653518 0 0.0 1407.0 5291.0 3519
2 1 0 0 0 0.0 0.0 0 0
0
3 1 0.156651275997 0 0.0 1419.0 5321.0 3530
3 2 0.0 0 0.0 0.0 5291.0 0
3 1 0 0 0 0.0 0.0 0 0
0
4 1 0.0 0 0.0 0.0 5321.0 0
4 2 0.15628203622 0 0.0 1416.0 5291.0 3531
4 1 0 0 0 0.0 0.0 0 0
0
5 1 0.155759284211 0 0.0 1435.0 5321.0 3592
5 2 0.0 0 0.0 0.0 5291.0 0
5 1 0 0 0 0.0 0.0 0 0
0
6 1 0.0 0 0.0 0.0 5321.0 0
6 2 0.156596962116 0 0.0 1418.0 5291.0 3532
6 1 0 0 0 0.0 0.0 0 0
0
{1: 0.157273780658178, 2: 0.15533653517966503, 3: 0.1566512759968101, 4: 0.15628203621966613, 5: 0.15575928421111668, 6: 0.15659696211576762} {1: 0, 2: 0, 3: 0, 4: 0, 5: 0, 6: 0}
0.48 0 0.312320658169
./new_config_single/with_0_coupling/Test_config(70%)/test_config0.49.txt
1 1 0.155979781221 0 0.0 1453.0 5392.0 3633
1 2 0.0 0 0.0 0.0 5373.0 0
1 1 0 0 0 0.0 0.0 0 0
0
2 1 0.0 0 0.0 0.0 5392.0 0
2 2 0.156135850167 0 0.0 1422.0 5373.0 3540
2 1 0 0 0 0.0 0.0 0 0
0
3 1 0.156609010478 0 0.0 1439.0 5392.0 3581
3 2 0.0 0 0.0 0.0 5373.0 0
3 1 0 0 0 0.0 0.0 0 0
0
4 1 0.0 0 0.0 0.0 5392.0 0
4 2 0.155219300174 0 0.0 1435.0 5373.0 3594
4 1 0 0 0 0.0 0.0 0 0
0
5 1 0.154132585422 0 0.0 1422.0 5392.0 3570
5 2 0.0 0 0.0 0.0 5373.0 0
5 1 0 0 0 0.0 0.0 0 0
0
6 1 0.0 0 0.0 0.0 5392.0 0
6 2 0.1567016795 0 0.0 1449.0 5373.0 3612
6 1 0 0 0 0.0 0.0 0 0
0
{1: 0.15597978122055756, 2: 0.15613585016714568, 3: 0.15660901047766115, 4: 0.15521930017355218, 5: 0.15413258542163794, 6: 0.15670167949992536} {1: 0, 2: 0, 3: 0, 4: 0, 5: 0, 6: 0}
0.49 0 0.311281142918
./new_config_single/with_0_coupling/Test_config(70%)/test_config0.5.txt
1 1 0.156341809441 0 0.0 1466.0 5483.0 3654
1 2 0.0 0 0.0 0.0 5466.0 0
1 1 0 0 0 0.0 0.0 0 0
0
2 1 0.0 0 0.0 0.0 5483.0 0
2 2 0.155628659903 0 0.0 1457.0 5466.0 3641
2 1 0 0 0 0.0 0.0 0 0
0
3 1 0.154821350385 0 0.0 1461.0 5483.0 3664
3 2 0.0 0 0.0 0.0 5466.0 0
3 1 0 0 0 0.0 0.0 0 0
0
4 1 0.0 0 0.0 0.0 5483.0 0
4 2 0.154518313256 0 0.0 1439.0 5466.0 3605
4 1 0 0 0 0.0 0.0 0 0
0
5 1 0.155247085573 0 0.0 1458.0 5483.0 3648
5 2 0.0 0 0.0 0.0 5466.0 0
5 1 0 0 0 0.0 0.0 0 0
0
6 1 0.0 0 0.0 0.0 5483.0 0
6 2 0.156711669611 0 0.0 1478.0 5466.0 3686
6 1 0 0 0 0.0 0.0 0 0
0
{1: 0.1563418094407435, 2: 0.15562865990323843, 3: 0.15482135038518238, 4: 0.15451831325578644, 5: 0.15524708557337155, 6: 0.1567116696113914} {1: 0, 2: 0, 3: 0, 4: 0, 5: 0, 6: 0}
0.5 0 0.310778539761
./new_config_single/with_0_coupling/Test_config(70%)/test_config0.51.txt
1 1 0.156616524485 0 0.0 1485.0 5581.0 3693
1 2 0.0 0 0.0 0.0 5557.0 0
1 1 0 0 0 0.0 0.0 0 0
0
2 1 0.0 0 0.0 0.0 5581.0 0
2 2 0.154996378106 0 0.0 1461.0 5557.0 3651
2 1 0 0 0 0.0 0.0 0 0
0
3 1 0.154227902467 0 0.0 1472.0 5581.0 3694
3 2 0.0 0 0.0 0.0 5557.0 0
3 1 0 0 0 0.0 0.0 0 0
0
4 1 0.0 0 0.0 0.0 5581.0 0
4 2 0.157775630307 0 0.0 1501.0 5557.0 3725
4 1 0 0 0 0.0 0.0 0 0
0
5 1 0.156897605883 0 0.0 1514.0 5581.0 3775
5 2 0.0 0 0.0 0.0 5557.0 0
5 1 0 0 0 0.0 0.0 0 0
0
6 1 0.0 0 0.0 0.0 5581.0 0
6 2 0.154470839921 0 0.0 1487.0 5557.0 3738
6 1 0 0 0 0.0 0.0 0 0
0
{1: 0.15661652448485452, 2: 0.15499637810562988, 3: 0.1542279024672269, 4: 0.15777563030660796, 5: 0.15689760588317014, 6: 0.15447083992101235} {1: 0, 2: 0, 3: 0, 4: 0, 5: 0, 6: 0}
0.51 0 0.311349965429
./new_config_single/with_0_coupling/Test_config(70%)/test_config0.52.txt
1 1 0.155710300548 0 0.0 1506.0 5665.0 3760
1 2 0.0 0 0.0 0.0 5666.0 0
1 1 0 0 0 0.0 0.0 0 0
0
2 1 0.0 0 0.0 0.0 5665.0 0
2 2 0.155350010136 0 0.0 1505.0 5666.0 3763
2 1 0 0 0 0.0 0.0 0 0
0
3 1 0.153711654458 0 0.0 1502.0 5665.0 3782
3 2 0.0 0 0.0 0.0 5666.0 0
3 1 0 0 0 0.0 0.0 0 0
0
4 1 0.0 0 0.0 0.0 5665.0 0
4 2 0.155170380502 0 0.0 1517.0 5666.0 3802
4 1 0 0 0 0.0 0.0 0 0
0
5 1 0.156711758066 0 0.0 1521.0 5665.0 3788
5 2 0.0 0 0.0 0.0 5666.0 0
5 1 0 0 0 0.0 0.0 0 0
0
6 1 0.0 0 0.0 0.0 5665.0 0
6 2 0.156703878848 0 0.0 1514.0 5666.0 3767
6 1 0 0 0 0.0 0.0 0 0
0
{1: 0.15571030054787416, 2: 0.1553500101359488, 3: 0.15371165445836182, 4: 0.15517038050239668, 5: 0.1567117580660113, 6: 0.1567038788475644} {1: 0, 2: 0, 3: 0, 4: 0, 5: 0, 6: 0}
0.52 0 0.310808208192
./new_config_single/with_0_coupling/Test_config(70%)/test_config0.53.txt
1 1 0.156223985736 0 0.0 1539.0 5741.0 3840
1 2 0.0 0 0.0 0.0 5750.0 0
1 1 0 0 0 0.0 0.0 0 0
0
2 1 0.0 0 0.0 0.0 5741.0 0
2 2 0.154471652174 0 0.0 1522.0 5750.0 3818
2 1 0 0 0 0.0 0.0 0 0
0
3 1 0.153308514579 0 0.0 1504.0 5741.0 3785
3 2 0.0 0 0.0 0.0 5750.0 0
3 1 0 0 0 0.0 0.0 0 0
0
4 1 0.0 0 0.0 0.0 5741.0 0
4 2 0.156324952741 0 0.0 1545.0 5750.0 3855
4 1 0 0 0 0.0 0.0 0 0
0
5 1 0.155405660431 0 0.0 1540.0 5741.0 3857
5 2 0.0 0 0.0 0.0 5750.0 0
5 1 0 0 0 0.0 0.0 0 0
0
6 1 0.0 0 0.0 0.0 5741.0 0
6 2 0.154125300567 0 0.0 1523.0 5750.0 3827
6 1 0 0 0 0.0 0.0 0 0
0
{1: 0.15622398573552462, 2: 0.15447165217391304, 3: 0.1533085145790321, 4: 0.15632495274102082, 5: 0.155405660430884, 6: 0.15412530056710774} {1: 0, 2: 0, 3: 0, 4: 0, 5: 0, 6: 0}
0.53 0 0.309643402054
./new_config_single/with_0_coupling/Test_config(70%)/test_config0.54.txt
1 1 0.156108613258 0 0.0 1556.0 5800.0 3885
1 2 0.0 0 0.0 0.0 5832.0 0
1 1 0 0 0 0.0 0.0 0 0
0
2 1 0.0 0 0.0 0.0 5800.0 0
2 2 0.154891106209 0 0.0 1556.0 5832.0 3902
2 1 0 0 0 0.0 0.0 0 0
0
3 1 0.153856829667 0 0.0 1523.0 5800.0 3825
3 2 0.0 0 0.0 0.0 5832.0 0
3 1 0 0 0 0.0 0.0 0 0
0
4 1 0.0 0 0.0 0.0 5800.0 0
4 2 0.155115407919 0 0.0 1562.0 5832.0 3916
4 1 0 0 0 0.0 0.0 0 0
0
5 1 0.15357832937 0 0.0 1543.0 5800.0 3890
5 2 0.0 0 0.0 0.0 5832.0 0
5 1 0 0 0 0.0 0.0 0 0
0
6 1 0.0 0 0.0 0.0 5800.0 0
6 2 0.1539650862 0 0.0 1532.0 5832.0 3846
6 1 0 0 0 0.0 0.0 0 0
0
{1: 0.15610861325802616, 2: 0.15489110620934404, 3: 0.15385682966706302, 4: 0.15511540791922337, 5: 0.15357832936979787, 6: 0.15396508619959692} {1: 0, 2: 0, 3: 0, 4: 0, 5: 0, 6: 0}
0.54 0 0.308862619083
./new_config_single/with_0_coupling/Test_config(70%)/test_config0.55.txt
1 1 0.153640987159 0 0.0 1572.0 5964.0 3955
1 2 0.0 0 0.0 0.0 5945.0 0
1 1 0 0 0 0.0 0.0 0 0
0
2 1 0.0 0 0.0 0.0 5964.0 0
2 2 0.154788137122 0 0.0 1585.0 5945.0 3976
2 1 0 0 0 0.0 0.0 0 0
0
3 1 0.15615512885 0 0.0 1602.0 5964.0 4000
3 2 0.0 0 0.0 0.0 5945.0 0
3 1 0 0 0 0.0 0.0 0 0
0
4 1 0.0 0 0.0 0.0 5964.0 0
4 2 0.154277251311 0 0.0 1567.0 5945.0 3931
4 1 0 0 0 0.0 0.0 0 0
0
5 1 0.156159114029 0 0.0 1593.0 5964.0 3973
5 2 0.0 0 0.0 0.0 5945.0 0
5 1 0 0 0 0.0 0.0 0 0
0
6 1 0.0 0 0.0 0.0 5964.0 0
6 2 0.155571509513 0 0.0 1592.0 5945.0 3983
6 1 0 0 0 0.0 0.0 0 0
0
{1: 0.15364098715926233, 2: 0.1547881371218225, 3: 0.15615512885045574, 4: 0.15427725131054854, 5: 0.15615911402913343, 6: 0.15557150951283882} {1: 0, 2: 0, 3: 0, 4: 0, 5: 0, 6: 0}
0.55 0 0.309887178619
./new_config_single/with_0_coupling/Test_config(70%)/test_config0.56.txt
1 1 0.154752009645 0 0.0 1621.0 6056.0 4070
1 2 0.0 0 0.0 0.0 6102.0 0
1 1 0 0 0 0.0 0.0 0 0
0
2 1 0.0 0 0.0 0.0 6056.0 0
2 2 0.155194957599 0 0.0 1626.0 6102.0 4071
2 1 0 0 0 0.0 0.0 0 0
0
3 1 0.155143364704 0 0.0 1608.0 6056.0 4024
3 2 0.0 0 0.0 0.0 6102.0 0
3 1 0 0 0 0.0 0.0 0 0
0
4 1 0.0 0 0.0 0.0 6056.0 0
4 2 0.154754753158 0 0.0 1615.0 6102.0 4046
4 1 0 0 0 0.0 0.0 0 0
0
5 1 0.155142028649 0 0.0 1606.0 6056.0 4018
5 2 0.0 0 0.0 0.0 6102.0 0
5 1 0 0 0 0.0 0.0 0 0
0
6 1 0.0 0 0.0 0.0 6056.0 0
6 2 0.156612893549 0 0.0 1640.0 6102.0 4087
6 1 0 0 0 0.0 0.0 0 0
0
{1: 0.15475200964489944, 2: 0.15519495759889163, 3: 0.15514336470354195, 4: 0.15475475315785908, 5: 0.15514202864850996, 6: 0.15661289354866537} {1: 0, 2: 0, 3: 0, 4: 0, 5: 0, 6: 0}
0.56 0 0.310222802432
./new_config_single/with_0_coupling/Test_config(70%)/test_config0.57.txt
1 1 0.155425219941 0 0.0 1636.0 6138.0 4092
1 2 0.0 0 0.0 0.0 6144.0 0
1 1 0 0 0 0.0 0.0 0 0
0
2 1 0.0 0 0.0 0.0 6138.0 0
2 2 0.154559075832 0 0.0 1620.0 6144.0 4059
2 1 0 0 0 0.0 0.0 0 0
0
3 1 0.153578135171 0 0.0 1628.0 6138.0 4102
3 2 0.0 0 0.0 0.0 6144.0 0
3 1 0 0 0 0.0 0.0 0 0
0
4 1 0.0 0 0.0 0.0 6138.0 0
4 2 0.153859032525 0 0.0 1636.0 6144.0 4120
4 1 0 0 0 0.0 0.0 0 0
0
5 1 0.155641782396 0 0.0 1634.0 6138.0 4082
5 2 0.0 0 0.0 0.0 6144.0 0
5 1 0 0 0 0.0 0.0 0 0
0
6 1 0.0 0 0.0 0.0 6138.0 0
6 2 0.156411641174 0 0.0 1648.0 6144.0 4109
6 1 0 0 0 0.0 0.0 0 0
0
{1: 0.155425219941349, 2: 0.15455907583236694, 3: 0.1535781351708574, 4: 0.15385903252495664, 5: 0.15564178239579493, 6: 0.15641164117389256} {1: 0, 2: 0, 3: 0, 4: 0, 5: 0, 6: 0}
0.57 0 0.309515137384
./new_config_single/with_0_coupling/Test_config(70%)/test_config0.58.txt
1 1 0.154750252415 0 0.0 1661.0 6225.0 4168
1 2 0.0 0 0.0 0.0 6193.0 0
1 1 0 0 0 0.0 0.0 0 0
0
2 1 0.0 0 0.0 0.0 6225.0 0
2 2 0.154708431612 0 0.0 1644.0 6193.0 4122
2 1 0 0 0 0.0 0.0 0 0
0
3 1 0.15484694763 0 0.0 1641.0 6225.0 4106
3 2 0.0 0 0.0 0.0 6193.0 0
3 1 0 0 0 0.0 0.0 0 0
0
4 1 0.0 0 0.0 0.0 6225.0 0
4 2 0.154546202852 0 0.0 1641.0 6193.0 4116
4 1 0 0 0 0.0 0.0 0 0
0
5 1 0.153034460735 0 0.0 1653.0 6225.0 4176
5 2 0.0 0 0.0 0.0 6193.0 0
5 1 0 0 0 0.0 0.0 0 0
0
6 1 0.0 0 0.0 0.0 6225.0 0
6 2 0.153629800698 0 0.0 1646.0 6193.0 4148
6 1 0 0 0 0.0 0.0 0 0
0
{1: 0.15475025241528365, 2: 0.15470843161162173, 3: 0.15484694762987694, 4: 0.154546202852332, 5: 0.1530344607345043, 6: 0.1536298006982407} {1: 0, 2: 0, 3: 0, 4: 0, 5: 0, 6: 0}
0.58 0 0.308196859949
./new_config_single/with_0_coupling/Test_config(70%)/test_config0.59.txt
1 1 0.154828945644 0 0.0 1684.0 6313.0 4224
1 2 0.0 0 0.0 0.0 6255.0 0
1 1 0 0 0 0.0 0.0 0 0
0
2 1 0.0 0 0.0 0.0 6313.0 0
2 2 0.15357641305 0 0.0 1667.0 6255.0 4204
2 1 0 0 0 0.0 0.0 0 0
0
3 1 0.154933677998 0 0.0 1686.0 6313.0 4228
3 2 0.0 0 0.0 0.0 6255.0 0
3 1 0 0 0 0.0 0.0 0 0
0
4 1 0.0 0 0.0 0.0 6313.0 0
4 2 0.152565135741 0 0.0 1639.0 6255.0 4139
4 1 0 0 0 0.0 0.0 0 0
0
5 1 0.154294870857 0 0.0 1664.0 6313.0 4174
5 2 0.0 0 0.0 0.0 6255.0 0
5 1 0 0 0 0.0 0.0 0 0
0
6 1 0.0 0 0.0 0.0 6313.0 0
6 2 0.154756137536 0 0.0 1662.0 6255.0 4167
6 1 0 0 0 0.0 0.0 0 0
0
{1: 0.15482894564403354, 2: 0.1535764130502153, 3: 0.1549336779982942, 4: 0.15256513574112732, 5: 0.1542948708571535, 6: 0.15475613753601436} {1: 0, 2: 0, 3: 0, 4: 0, 5: 0, 6: 0}
0.59 0 0.308010075215
./new_config_single/with_0_coupling/Test_config(70%)/test_config0.6.txt
1 1 0.155127249371 0 0.0 1699.0 6421.0 4249
1 2 0.0 0 0.0 0.0 6384.0 0
1 1 0 0 0 0.0 0.0 0 0
0
2 1 0.0 0 0.0 0.0 6421.0 0
2 2 0.154859652411 0 0.0 1709.0 6384.0 4289
2 1 0 0 0 0.0 0.0 0 0
0
3 1 0.154405625609 0 0.0 1709.0 6421.0 4293
3 2 0.0 0 0.0 0.0 6384.0 0
3 1 0 0 0 0.0 0.0 0 0
0
4 1 0.0 0 0.0 0.0 6421.0 0
4 2 0.153508747393 0 0.0 1690.0 6384.0 4258
4 1 0 0 0 0.0 0.0 0 0
0
5 1 0.154352368505 0 0.0 1711.0 6421.0 4300
5 2 0.0 0 0.0 0.0 6384.0 0
5 1 0 0 0 0.0 0.0 0 0
0
6 1 0.0 0 0.0 0.0 6421.0 0
6 2 0.153240188258 0 0.0 1676.0 6384.0 4221
6 1 0 0 0 0.0 0.0 0 0
0
{1: 0.15512724937138667, 2: 0.15485965241071037, 3: 0.1544056256092612, 4: 0.15350874739323248, 5: 0.15435236850467368, 6: 0.15324018825847513} {1: 0, 2: 0, 3: 0, 4: 0, 5: 0, 6: 0}
0.6 0 0.308189445905
./new_config_single/with_0_coupling/Test_config(70%)/test_config0.61.txt
1 1 0.154716103476 0 0.0 1722.0 6490.0 4317
1 2 0.0 0 0.0 0.0 6512.0 0
1 1 0 0 0 0.0 0.0 0 0
0
2 1 0.0 0 0.0 0.0 6490.0 0
2 2 0.15323833735 0 0.0 1723.0 6512.0 4346
2 1 0 0 0 0.0 0.0 0 0
0
3 1 0.154354595549 0 0.0 1716.0 6490.0 4306
3 2 0.0 0 0.0 0.0 6512.0 0
3 1 0 0 0 0.0 0.0 0 0
0
4 1 0.0 0 0.0 0.0 6490.0 0
4 2 0.156918057676 0 0.0 1756.0 6512.0 4373
4 1 0 0 0 0.0 0.0 0 0
0
5 1 0.153581253368 0 0.0 1728.0 6490.0 4357
5 2 0.0 0 0.0 0.0 6512.0 0
5 1 0 0 0 0.0 0.0 0 0
0
6 1 0.0 0 0.0 0.0 6490.0 0
6 2 0.153333058295 0 0.0 1710.0 6512.0 4305
6 1 0 0 0 0.0 0.0 0 0
0
{1: 0.15471610347553783, 2: 0.1532383373503613, 3: 0.1543545955493933, 4: 0.15691805767579342, 5: 0.15358125336834433, 6: 0.1533330582945716} {1: 0, 2: 0, 3: 0, 4: 0, 5: 0, 6: 0}
0.61 0 0.308405088103
./new_config_single/with_0_coupling/Test_config(70%)/test_config0.62.txt
1 1 0.155316648926 0 0.0 1750.0 6612.0 4373
1 2 0.0 0 0.0 0.0 6557.0 0
1 1 0 0 0 0.0 0.0 0 0
0
2 1 0.0 0 0.0 0.0 6612.0 0
2 2 0.153097190975 0 0.0 1723.0 6557.0 4343
2 1 0 0 0 0.0 0.0 0 0
0
3 1 0.154515575816 0 0.0 1751.0 6612.0 4392
3 2 0.0 0 0.0 0.0 6557.0 0
3 1 0 0 0 0.0 0.0 0 0
0
4 1 0.0 0 0.0 0.0 6612.0 0
4 2 0.153709644981 0 0.0 1743.0 6557.0 4391
4 1 0 0 0 0.0 0.0 0 0
0
5 1 0.152485630583 0 0.0 1760.0 6612.0 4459
5 2 0.0 0 0.0 0.0 6557.0 0
5 1 0 0 0 0.0 0.0 0 0
0
6 1 0.0 0 0.0 0.0 6612.0 0
6 2 0.154728182367 0 0.0 1746.0 6557.0 4380
6 1 0 0 0 0.0 0.0 0 0
0
{1: 0.15531664892591113, 2: 0.15309719097547209, 3: 0.15451557581606556, 4: 0.15370964498065776, 5: 0.15248563058275685, 6: 0.15472818236690217} {1: 0, 2: 0, 3: 0, 4: 0, 5: 0, 6: 0}
0.62 0 0.307643006925
./new_config_single/with_0_coupling/Test_config(70%)/test_config0.63.txt
1 1 0.152883790059 0 0.0 1754.0 6655.0 4428
1 2 0.0 0 0.0 0.0 6714.0 0
1 1 0 0 0 0.0 0.0 0 0
0
2 1 0.0 0 0.0 0.0 6655.0 0
2 2 0.154398403817 0 0.0 1793.0 6714.0 4507
2 1 0 0 0 0.0 0.0 0 0
0
3 1 0.153365218584 0 0.0 1780.0 6655.0 4496
3 2 0.0 0 0.0 0.0 6714.0 0
3 1 0 0 0 0.0 0.0 0 0
0
4 1 0.0 0 0.0 0.0 6655.0 0
4 2 0.155147891436 0 0.0 1791.0 6714.0 4486
4 1 0 0 0 0.0 0.0 0 0
0
5 1 0.155123667771 0 0.0 1755.0 6655.0 4386
5 2 0.0 0 0.0 0.0 6714.0 0
5 1 0 0 0 0.0 0.0 0 0
0
6 1 0.0 0 0.0 0.0 6655.0 0
6 2 0.152309215606 0 0.0 1755.0 6714.0 4435
6 1 0 0 0 0.0 0.0 0 0
0
{1: 0.15288379005859803, 2: 0.15439840381725853, 3: 0.15336521858406227, 4: 0.1551478914363959, 5: 0.15512366777096587, 6: 0.15230921560583843} {1: 0, 2: 0, 3: 0, 4: 0, 5: 0, 6: 0}
0.63 0 0.307434986362
./new_config_single/with_0_coupling/Test_config(70%)/test_config0.64.txt
1 1 0.153107263224 0 0.0 1795.0 6810.0 4527
1 2 0.0 0 0.0 0.0 6809.0 0
1 1 0 0 0 0.0 0.0 0 0
0
2 1 0.0 0 0.0 0.0 6810.0 0
2 2 0.153554897116 0 0.0 1803.0 6809.0 4542
2 1 0 0 0 0.0 0.0 0 0
0
3 1 0.153447955951 0 0.0 1794.0 6810.0 4517
3 2 0.0 0 0.0 0.0 6809.0 0
3 1 0 0 0 0.0 0.0 0 0
0
4 1 0.0 0 0.0 0.0 6810.0 0
4 2 0.155316041003 0 0.0 1809.0 6809.0 4524
4 1 0 0 0 0.0 0.0 0 0
0
5 1 0.155108040564 0 0.0 1825.0 6810.0 4576
5 2 0.0 0 0.0 0.0 6809.0 0
5 1 0 0 0 0.0 0.0 0 0
0
6 1 0.0 0 0.0 0.0 6810.0 0
6 2 0.153211386595 0 0.0 1804.0 6809.0 4552
6 1 0 0 0 0.0 0.0 0 0
0
{1: 0.15310726322394508, 2: 0.15355489711605386, 3: 0.15344795595144914, 4: 0.15531604100306878, 5: 0.15510804056399738, 6: 0.153211386595122} {1: 0, 2: 0, 3: 0, 4: 0, 5: 0, 6: 0}
0.64 0 0.307607279623
./new_config_single/with_0_coupling/Test_config(70%)/test_config0.65.txt
1 1 0.153093864157 0 0.0 1789.0 6819.0 4508
1 2 0.0 0 0.0 0.0 6855.0 0
1 1 0 0 0 0.0 0.0 0 0
0
2 1 0.0 0 0.0 0.0 6819.0 0
2 2 0.153464603081 0 0.0 1813.0 6855.0 4568
2 1 0 0 0 0.0 0.0 0 0
0
3 1 0.154224383527 0 0.0 1815.0 6819.0 4563
3 2 0.0 0 0.0 0.0 6855.0 0
3 1 0 0 0 0.0 0.0 0 0
0
4 1 0.0 0 0.0 0.0 6819.0 0
4 2 0.152682432443 0 0.0 1799.0 6855.0 4542
4 1 0 0 0 0.0 0.0 0 0
0
5 1 0.152121596315 0 0.0 1802.0 6819.0 4567
5 2 0.0 0 0.0 0.0 6855.0 0
5 1 0 0 0 0.0 0.0 0 0
0
6 1 0.0 0 0.0 0.0 6819.0 0
6 2 0.154529614964 0 0.0 1831.0 6855.0 4600
6 1 0 0 0 0.0 0.0 0 0
0
{1: 0.15309386415693954, 2: 0.15346460308112025, 3: 0.15422438352712237, 4: 0.15268243244321655, 5: 0.15212159631522226, 6: 0.15452961496370848} {1: 0, 2: 0, 3: 0, 4: 0, 5: 0, 6: 0}
0.65 0 0.306398792664
./new_config_single/with_0_coupling/Test_config(70%)/test_config0.66.txt
1 1 0.153839189844 0 0.0 1843.0 6919.0 4642
1 2 0.0 0 0.0 0.0 6974.0 0
1 1 0 0 0 0.0 0.0 0 0
0
2 1 0.0 0 0.0 0.0 6919.0 0
2 2 0.153742614935 0 0.0 1839.0 6974.0 4625
2 1 0 0 0 0.0 0.0 0 0
0
3 1 0.152589643157 0 0.0 1819.0 6919.0 4596
3 2 0.0 0 0.0 0.0 6974.0 0
3 1 0 0 0 0.0 0.0 0 0
0
4 1 0.0 0 0.0 0.0 6919.0 0
4 2 0.154076848303 0 0.0 1858.0 6974.0 4675
4 1 0 0 0 0.0 0.0 0 0
0
5 1 0.154131904495 0 0.0 1831.0 6919.0 4600
5 2 0.0 0 0.0 0.0 6974.0 0
5 1 0 0 0 0.0 0.0 0 0
0
6 1 0.0 0 0.0 0.0 6919.0 0
6 2 0.152646328051 0 0.0 1839.0 6974.0 4648
6 1 0 0 0 0.0 0.0 0 0
0
{1: 0.15383918984405287, 2: 0.15374261493528052, 3: 0.15258964315696416, 4: 0.15407684830270885, 5: 0.1541319044953538, 6: 0.15264632805087255} {1: 0, 2: 0, 3: 0, 4: 0, 5: 0, 6: 0}
0.66 0 0.306701834085
./new_config_single/with_0_coupling/Test_config(70%)/test_config0.67.txt
1 1 0.153749826165 0 0.0 1873.0 7027.0 4720
1 2 0.0 0 0.0 0.0 7060.0 0
1 1 0 0 0 0.0 0.0 0 0
0
2 1 0.0 0 0.0 0.0 7027.0 0
2 2 0.154547424343 0 0.0 1880.0 7060.0 4720
2 1 0 0 0 0.0 0.0 0 0
0
3 1 0.153277127688 0 0.0 1868.0 7027.0 4715
3 2 0.0 0 0.0 0.0 7060.0 0
3 1 0 0 0 0.0 0.0 0 0
0
4 1 0.0 0 0.0 0.0 7027.0 0
4 2 0.153221597156 0 0.0 1856.0 7060.0 4676
4 1 0 0 0 0.0 0.0 0 0
0
5 1 0.153117646062 0 0.0 1835.0 7027.0 4619
5 2 0.0 0 0.0 0.0 7060.0 0
5 1 0 0 0 0.0 0.0 0 0
0
6 1 0.0 0 0.0 0.0 7027.0 0
6 2 0.15237494884 0 0.0 1866.0 7060.0 4724
6 1 0 0 0 0.0 0.0 0 0
0
{1: 0.15374982616502744, 2: 0.15454742434334595, 3: 0.153277127687916, 4: 0.1532215971559037, 5: 0.15311764606172829, 6: 0.15237494883997144} {1: 0, 2: 0, 3: 0, 4: 0, 5: 0, 6: 0}
0.67 0 0.306456093895
./new_config_single/with_0_coupling/Test_config(70%)/test_config0.68.txt
1 1 0.151440640575 0 0.0 1841.0 7073.0 4667
1 2 0.0 0 0.0 0.0 7111.0 0
1 1 0 0 0 0.0 0.0 0 0
0
2 1 0.0 0 0.0 0.0 7073.0 0
2 2 0.153438684021 0 0.0 1876.0 7111.0 4725
2 1 0 0 0 0.0 0.0 0 0
0
3 1 0.153426340231 0 0.0 1882.0 7073.0 4748
3 2 0.0 0 0.0 0.0 7111.0 0
3 1 0 0 0 0.0 0.0 0 0
0
4 1 0.0 0 0.0 0.0 7073.0 0
4 2 0.151564116163 0 0.0 1872.0 7111.0 4753
4 1 0 0 0 0.0 0.0 0 0
0
5 1 0.152959170577 0 0.0 1873.0 7073.0 4731
5 2 0.0 0 0.0 0.0 7111.0 0
5 1 0 0 0 0.0 0.0 0 0
0
6 1 0.0 0 0.0 0.0 7073.0 0
6 2 0.153674221227 0 0.0 1884.0 7111.0 4744
6 1 0 0 0 0.0 0.0 0 0
0
{1: 0.1514406405746747, 2: 0.15343868402053612, 3: 0.15342634023095653, 4: 0.15156411616340448, 5: 0.15295917057654626, 6: 0.1536742212272077} {1: 0, 2: 0, 3: 0, 4: 0, 5: 0, 6: 0}
0.68 0 0.30519555654
./new_config_single/with_0_coupling/Test_config(70%)/test_config0.69.txt
1 1 0.152496484375 0 0.0 1889.0 7200.0 4773
1 2 0.0 0 0.0 0.0 7196.0 0
1 1 0 0 0 0.0 0.0 0 0
0
2 1 0.0 0 0.0 0.0 7200.0 0
2 2 0.153216330231 0 0.0 1908.0 7196.0 4815
2 1 0 0 0 0.0 0.0 0 0
0
3 1 0.152776215278 0 0.0 1906.0 7200.0 4818
3 2 0.0 0 0.0 0.0 7196.0 0
3 1 0 0 0 0.0 0.0 0 0
0
4 1 0.0 0 0.0 0.0 7200.0 0
4 2 0.15325743009 0 0.0 1890.0 7196.0 4760
4 1 0 0 0 0.0 0.0 0 0
0
5 1 0.152916276042 0 0.0 1904.0 7200.0 4809
5 2 0.0 0 0.0 0.0 7196.0 0
5 1 0 0 0 0.0 0.0 0 0
0
6 1 0.0 0 0.0 0.0 7200.0 0
6 2 0.152150563041 0 0.0 1901.0 7196.0 4817
6 1 0 0 0 0.0 0.0 0 0
0
{1: 0.15249648437499996, 2: 0.15321633023071, 3: 0.1527762152777778, 4: 0.15325743008978185, 5: 0.15291627604166663, 6: 0.1521505630405503} {1: 0, 2: 0, 3: 0, 4: 0, 5: 0, 6: 0}
0.69 0 0.305298828585
./new_config_single/with_0_coupling/Test_config(70%)/test_config0.7.txt
1 1 0.153531051792 0 0.0 1930.0 7300.0 4861
1 2 0.0 0 0.0 0.0 7333.0 0
1 1 0 0 0 0.0 0.0 0 0
0
2 1 0.0 0 0.0 0.0 7300.0 0
2 2 0.153559254553 0 0.0 1955.0 7333.0 4931
2 1 0 0 0 0.0 0.0 0 0
0
3 1 0.152565040345 0 0.0 1938.0 7300.0 4906
3 2 0.0 0 0.0 0.0 7333.0 0
3 1 0 0 0 0.0 0.0 0 0
0
4 1 0.0 0 0.0 0.0 7300.0 0
4 2 0.15320140229 0 0.0 1946.0 7333.0 4912
4 1 0 0 0 0.0 0.0 0 0
0
5 1 0.152612643085 0 0.0 1914.0 7300.0 4833
5 2 0.0 0 0.0 0.0 7333.0 0
5 1 0 0 0 0.0 0.0 0 0
0
6 1 0.0 0 0.0 0.0 7300.0 0
6 2 0.151911100592 0 0.0 1907.0 7333.0 4823
6 1 0 0 0 0.0 0.0 0 0
0
{1: 0.1535310517920811, 2: 0.15355925455297742, 3: 0.1525650403452805, 4: 0.15320140229028795, 5: 0.15261264308500655, 6: 0.151911100591973} {1: 0, 2: 0, 3: 0, 4: 0, 5: 0, 6: 0}
0.7 0 0.305487704055
./new_config_single/with_0_coupling/Test_config(70%)/test_config0.71.txt
1 1 0.152048720228 0 0.0 1941.0 7327.0 4923
1 2 0.0 0 0.0 0.0 7285.0 0
1 1 0 0 0 0.0 0.0 0 0
0
2 1 0.0 0 0.0 0.0 7327.0 0
2 2 0.152748212426 0 0.0 1927.0 7285.0 4871
2 1 0 0 0 0.0 0.0 0 0
0
3 1 0.152503894529 0 0.0 1919.0 7327.0 4847
3 2 0.0 0 0.0 0.0 7285.0 0
3 1 0 0 0 0.0 0.0 0 0
0
4 1 0.0 0 0.0 0.0 7327.0 0
4 2 0.152655845988 0 0.0 1915.0 7285.0 4837
4 1 0 0 0 0.0 0.0 0 0
0
5 1 0.153283894629 0 0.0 1937.0 7327.0 4884
5 2 0.0 0 0.0 0.0 7285.0 0
5 1 0 0 0 0.0 0.0 0 0
0
6 1 0.0 0 0.0 0.0 7327.0 0
6 2 0.151101825895 0 0.0 1912.0 7285.0 4862
6 1 0 0 0 0.0 0.0 0 0
0
{1: 0.1520487202283531, 2: 0.15274821242584846, 3: 0.15250389452876062, 4: 0.15265584598810372, 5: 0.15328389462897496, 6: 0.1511018258952945} {1: 0, 2: 0, 3: 0, 4: 0, 5: 0, 6: 0}
0.71 0 0.304476017101
./new_config_single/with_0_coupling/Test_config(70%)/test_config0.72.txt
1 1 0.152042362728 0 0.0 1951.0 7427.0 4941
1 2 0.0 0 0.0 0.0 7440.0 0
1 1 0 0 0 0.0 0.0 0 0
0
2 1 0.0 0 0.0 0.0 7427.0 0
2 2 0.151522931661 0 0.0 1951.0 7440.0 4951
2 1 0 0 0 0.0 0.0 0 0
0
3 1 0.151906993702 0 0.0 1948.0 7427.0 4935
3 2 0.0 0 0.0 0.0 7440.0 0
3 1 0 0 0 0.0 0.0 0 0
0
4 1 0.0 0 0.0 0.0 7427.0 0
4 2 0.152948245462 0 0.0 1950.0 7440.0 4916
4 1 0 0 0 0.0 0.0 0 0
0
5 1 0.152937249522 0 0.0 1970.0 7427.0 4978
5 2 0.0 0 0.0 0.0 7440.0 0
5 1 0 0 0 0.0 0.0 0 0
0
6 1 0.0 0 0.0 0.0 7427.0 0
6 2 0.151421005138 0 0.0 1971.0 7440.0 5013
6 1 0 0 0 0.0 0.0 0 0
0
{1: 0.1520423627277495, 2: 0.1515229316611747, 3: 0.15190699370194113, 4: 0.1529482454619031, 5: 0.1529372495222065, 6: 0.15142100513787718} {1: 0, 2: 0, 3: 0, 4: 0, 5: 0, 6: 0}
0.72 0 0.303955336475
./new_config_single/with_0_coupling/Test_config(70%)/test_config0.73.txt
1 1 0.152240861643 0 0.0 1999.0 7527.0 5068
1 2 0.0 0 0.0 0.0 7602.0 0
1 1 0 0 0 0.0 0.0 0 0
0
2 1 0.0 0 0.0 0.0 7527.0 0
2 2 0.15215138053 0 0.0 1995.0 7602.0 5049
2 1 0 0 0 0.0 0.0 0 0
0
3 1 0.151538527551 0 0.0 1966.0 7527.0 4985
3 2 0.0 0 0.0 0.0 7602.0 0
3 1 0 0 0 0.0 0.0 0 0
0
4 1 0.0 0 0.0 0.0 7527.0 0
4 2 0.152021121015 0 0.0 2003.0 7602.0 5076
4 1 0 0 0 0.0 0.0 0 0
0
5 1 0.152826323177 0 0.0 1981.0 7527.0 5001
5 2 0.0 0 0.0 0.0 7602.0 0
5 1 0 0 0 0.0 0.0 0 0
0
6 1 0.0 0 0.0 0.0 7527.0 0
6 2 0.1535994064 0 0.0 2016.0 7602.0 5079
6 1 0 0 0 0.0 0.0 0 0
0
{1: 0.15224086164348888, 2: 0.15215138053023475, 3: 0.15153852755120314, 4: 0.15202112101517753, 5: 0.15282632317730832, 6: 0.15359940639971992} {1: 0, 2: 0, 3: 0, 4: 0, 5: 0, 6: 0}
0.73 0 0.304487747566
./new_config_single/with_0_coupling/Test_config(70%)/test_config0.74.txt
1 1 0.151801793551 0 0.0 1995.0 7618.0 5055
1 2 0.0 0 0.0 0.0 7635.0 0
1 1 0 0 0 0.0 0.0 0 0
0
2 1 0.0 0 0.0 0.0 7618.0 0
2 2 0.151888195412 0 0.0 2009.0 7635.0 5093
2 1 0 0 0 0.0 0.0 0 0
0
3 1 0.152635379265 0 0.0 2007.0 7618.0 5072
3 2 0.0 0 0.0 0.0 7635.0 0
3 1 0 0 0 0.0 0.0 0 0
0
4 1 0.0 0 0.0 0.0 7618.0 0
4 2 0.15275850667 0 0.0 2006.0 7635.0 5064
4 1 0 0 0 0.0 0.0 0 0
0
5 1 0.152325314931 0 0.0 2017.0 7618.0 5109
5 2 0.0 0 0.0 0.0 7635.0 0
5 1 0 0 0 0.0 0.0 0 0
0
6 1 0.0 0 0.0 0.0 7618.0 0
6 2 0.152453526975 0 0.0 2020.0 7635.0 5113
6 1 0 0 0 0.0 0.0 0 0
0
{1: 0.15180179355095821, 2: 0.15188819541207402, 3: 0.15263537926541038, 4: 0.15275850667037205, 5: 0.15232531493131501, 6: 0.15245352697504727} {1: 0, 2: 0, 3: 0, 4: 0, 5: 0, 6: 0}
0.74 0 0.304316284696
./new_config_single/with_0_coupling/Test_config(70%)/test_config0.75.txt
1 1 0.150563169481 0 0.0 2002.0 7720.0 5092
1 2 0.0 0 0.0 0.0 7689.0 0
1 1 0 0 0 0.0 0.0 0 0
0
2 1 0.0 0 0.0 0.0 7720.0 0
2 2 0.151211535461 0 0.0 2019.0 7689.0 5132
2 1 0 0 0 0.0 0.0 0 0
0
3 1 0.152168342607 0 0.0 2044.0 7720.0 5181
3 2 0.0 0 0.0 0.0 7689.0 0
3 1 0 0 0 0.0 0.0 0 0
0
4 1 0.0 0 0.0 0.0 7720.0 0
4 2 0.152537732921 0 0.0 2049.0 7689.0 5191
4 1 0 0 0 0.0 0.0 0 0
0
5 1 0.152257908769 0 0.0 2040.0 7720.0 5167
5 2 0.0 0 0.0 0.0 7689.0 0
5 1 0 0 0 0.0 0.0 0 0
0
6 1 0.0 0 0.0 0.0 7720.0 0
6 2 0.151797298785 0 0.0 1998.0 7689.0 5055
6 1 0 0 0 0.0 0.0 0 0
0
{1: 0.1505631694810599, 2: 0.15121153546148397, 3: 0.15216834260651294, 4: 0.1525377329210853, 5: 0.15225790876936293, 6: 0.15179729878463422} {1: 0, 2: 0, 3: 0, 4: 0, 5: 0, 6: 0}
0.75 0 0.303208484012
./new_config_single/with_0_coupling/Test_config(70%)/test_config0.76.txt
1 1 0.150620474987 0 0.0 2051.0 7777.0 5231
1 2 0.0 0 0.0 0.0 7745.0 0
1 1 0 0 0 0.0 0.0 0 0
0
2 1 0.0 0 0.0 0.0 7777.0 0
2 2 0.151092172588 0 0.0 2024.0 7745.0 5143
2 1 0 0 0 0.0 0.0 0 0
0
3 1 0.150624381125 0 0.0 2024.0 7777.0 5150
3 2 0.0 0 0.0 0.0 7745.0 0
3 1 0 0 0 0.0 0.0 0 0
0
4 1 0.0 0 0.0 0.0 7777.0 0
4 2 0.14983377518 0 0.0 2039.0 7745.0 5217
4 1 0 0 0 0.0 0.0 0 0
0
5 1 0.15350050178 0 0.0 2054.0 7777.0 5173
5 2 0.0 0 0.0 0.0 7745.0 0
5 1 0 0 0 0.0 0.0 0 0
0
6 1 0.0 0 0.0 0.0 7777.0 0
6 2 0.152681690138 0 0.0 2032.0 7745.0 5130
6 1 0 0 0 0.0 0.0 0 0
0
{1: 0.1506204749867518, 2: 0.1510921725880751, 3: 0.15062438112508325, 4: 0.14983377517972193, 5: 0.15350050177963664, 6: 0.15268169013849706} {1: 0, 2: 0, 3: 0, 4: 0, 5: 0, 6: 0}
0.76 0 0.302481547601
./new_config_single/with_0_coupling/Test_config(70%)/test_config0.77.txt
1 1 0.152381578554 0 0.0 2077.0 7891.0 5254
1 2 0.0 0 0.0 0.0 7869.0 0
1 1 0 0 0 0.0 0.0 0 0
0
2 1 0.0 0 0.0 0.0 7891.0 0
2 2 0.151727868119 0 0.0 2082.0 7869.0 5287
2 1 0 0 0 0.0 0.0 0 0
0
3 1 0.151059050813 0 0.0 2088.0 7891.0 5318
3 2 0.0 0 0.0 0.0 7869.0 0
3 1 0 0 0 0.0 0.0 0 0
0
4 1 0.0 0 0.0 0.0 7891.0 0
4 2 0.149866666744 0 0.0 2043.0 7869.0 5214
4 1 0 0 0 0.0 0.0 0 0
0
5 1 0.152709388007 0 0.0 2065.0 7891.0 5210
5 2 0.0 0 0.0 0.0 7869.0 0
5 1 0 0 0 0.0 0.0 0 0
0
6 1 0.0 0 0.0 0.0 7891.0 0
6 2 0.152454453333 0 0.0 2071.0 7869.0 5237
6 1 0 0 0 0.0 0.0 0 0
0
{1: 0.15238157855411846, 2: 0.15172786811926867, 3: 0.15105905081305077, 4: 0.14986666674418458, 5: 0.15270938800695658, 6: 0.1524544533330052} {1: 0, 2: 0, 3: 0, 4: 0, 5: 0, 6: 0}
0.77 0 0.303096268855
./new_config_single/with_0_coupling/Test_config(70%)/test_config0.78.txt
1 1 0.152949849156 0 0.0 2109.0 7975.0 5326
1 2 0.0 0 0.0 0.0 7897.0 0
1 1 0 0 0 0.0 0.0 0 0
0
2 1 0.0 0 0.0 0.0 7975.0 0
2 2 0.151716535785 0 0.0 2080.0 7897.0 5278
2 1 0 0 0 0.0 0.0 0 0
0
3 1 0.149647114317 0 0.0 2074.0 7975.0 5300
3 2 0.0 0 0.0 0.0 7897.0 0
3 1 0 0 0 0.0 0.0 0 0
0
4 1 0.0 0 0.0 0.0 7975.0 0
4 2 0.151460693378 0 0.0 2064.0 7897.0 5236
4 1 0 0 0 0.0 0.0 0 0
0
5 1 0.152908182899 0 0.0 2108.0 7975.0 5324
5 2 0.0 0 0.0 0.0 7897.0 0
5 1 0 0 0 0.0 0.0 0 0
0
6 1 0.0 0 0.0 0.0 7975.0 0
6 2 0.150745473141 0 0.0 2073.0 7897.0 5280
6 1 0 0 0 0.0 0.0 0 0
0
{1: 0.1529498491563565, 2: 0.15171653578508876, 3: 0.14964711431687971, 4: 0.15146069337798232, 5: 0.15290818289914604, 6: 0.15074547314080464} {1: 0, 2: 0, 3: 0, 4: 0, 5: 0, 6: 0}
0.78 0 0.302839473609
./new_config_single/with_0_coupling/Test_config(70%)/test_config0.79.txt
1 1 0.1513081289 0 0.0 2114.0 8052.0 5371
1 2 0.0 0 0.0 0.0 8007.0 0
1 1 0 0 0 0.0 0.0 0 0
0
2 1 0.0 0 0.0 0.0 8052.0 0
2 2 0.152531480471 0 0.0 2104.0 8007.0 5317
2 1 0 0 0 0.0 0.0 0 0
0
3 1 0.151472998165 0 0.0 2119.0 8052.0 5382
3 2 0.0 0 0.0 0.0 8007.0 0
3 1 0 0 0 0.0 0.0 0 0
0
4 1 0.0 0 0.0 0.0 8052.0 0
4 2 0.151610124799 0 0.0 2118.0 8007.0 5381
4 1 0 0 0 0.0 0.0 0 0
0
5 1 0.151141458901 0 0.0 2106.0 8052.0 5351
5 2 0.0 0 0.0 0.0 8007.0 0
5 1 0 0 0 0.0 0.0 0 0
0
6 1 0.0 0 0.0 0.0 8052.0 0
6 2 0.151074254389 0 0.0 2092.0 8007.0 5316
6 1 0 0 0 0.0 0.0 0 0
0
{1: 0.15130812889960907, 2: 0.152531480471011, 3: 0.15147299816468665, 4: 0.15161012479885022, 5: 0.1511414589013933, 6: 0.15107425438859393} {1: 0, 2: 0, 3: 0, 4: 0, 5: 0, 6: 0}
0.79 0 0.302743102393
./new_config_single/with_0_coupling/Test_config(70%)/test_config0.8.txt
1 1 0.150614216058 0 0.0 2085.0 8007.0 5306
1 2 0.0 0 0.0 0.0 8157.0 0
1 1 0 0 0 0.0 0.0 0 0
0
2 1 0.0 0 0.0 0.0 8007.0 0
2 2 0.150742258601 0 0.0 2121.0 8157.0 5393
2 1 0 0 0 0.0 0.0 0 0
0
3 1 0.151612827099 0 0.0 2115.0 8007.0 5372
3 2 0.0 0 0.0 0.0 8157.0 0
3 1 0 0 0 0.0 0.0 0 0
0
4 1 0.0 0 0.0 0.0 8007.0 0
4 2 0.150460868566 0 0.0 2143.0 8157.0 5466
4 1 0 0 0 0.0 0.0 0 0
0
5 1 0.148869723381 0 0.0 2081.0 8007.0 5336
5 2 0.0 0 0.0 0.0 8157.0 0
5 1 0 0 0 0.0 0.0 0 0
0
6 1 0.0 0 0.0 0.0 8007.0 0
6 2 0.153609310111 0 0.0 2165.0 8157.0 5455
6 1 0 0 0 0.0 0.0 0 0
0
{1: 0.1506142160578895, 2: 0.1507422586009704, 3: 0.151612827099006, 4: 0.15046086856583354, 5: 0.1488697233807018, 6: 0.153609310111184} {1: 0, 2: 0, 3: 0, 4: 0, 5: 0, 6: 0}
0.8 0 0.301667764871
./new_config_single/with_0_coupling/Test_config(70%)/test_config0.81.txt
1 1 0.15137270263 0 0.0 2141.0 8155.0 5438
1 2 0.0 0 0.0 0.0 8248.0 0
1 1 0 0 0 0.0 0.0 0 0
0
2 1 0.0 0 0.0 0.0 8155.0 0
2 2 0.151200657732 0 0.0 2169.0 8248.0 5515
2 1 0 0 0 0.0 0.0 0 0
0
3 1 0.150102358466 0 0.0 2140.0 8155.0 5466
3 2 0.0 0 0.0 0.0 8248.0 0
3 1 0 0 0 0.0 0.0 0 0
0
4 1 0.0 0 0.0 0.0 8155.0 0
4 2 0.151807453278 0 0.0 2172.0 8248.0 5509
4 1 0 0 0 0.0 0.0 0 0
0
5 1 0.151083050988 0 0.0 2128.0 8155.0 5406
5 2 0.0 0 0.0 0.0 8248.0 0
5 1 0 0 0 0.0 0.0 0 0
0
6 1 0.0 0 0.0 0.0 8155.0 0
6 2 0.151118197187 0 0.0 2154.0 8248.0 5472
6 1 0 0 0 0.0 0.0 0 0
0
{1: 0.15137270262965286, 2: 0.15120065773226862, 3: 0.1501023584662733, 4: 0.15180745327791897, 5: 0.15108305098826724, 6: 0.15111819718691466} {1: 0, 2: 0, 3: 0, 4: 0, 5: 0, 6: 0}
0.81 0 0.301925911954
./new_config_single/with_0_coupling/Test_config(70%)/test_config0.82.txt
1 1 0.151699978079 0 0.0 2168.0 8237.0 5501
1 2 0.0 0 0.0 0.0 8245.0 0
1 1 0 0 0 0.0 0.0 0 0
0
2 1 0.0 0 0.0 0.0 8237.0 0
2 2 0.152455221221 0 0.0 2194.0 8245.0 5559
2 1 0 0 0 0.0 0.0 0 0
0
3 1 0.149352991383 0 0.0 2143.0 8237.0 5484
3 2 0.0 0 0.0 0.0 8245.0 0
3 1 0 0 0 0.0 0.0 0 0
0
4 1 0.0 0 0.0 0.0 8237.0 0
4 2 0.15060511893 0 0.0 2146.0 8245.0 5461
4 1 0 0 0 0.0 0.0 0 0
0
5 1 0.151457495485 0 0.0 2162.0 8237.0 5489
5 2 0.0 0 0.0 0.0 8245.0 0
5 1 0 0 0 0.0 0.0 0 0
0
6 1 0.0 0 0.0 0.0 8237.0 0
6 2 0.148909183249 0 0.0 2135.0 8245.0 5470
6 1 0 0 0 0.0 0.0 0 0
0
{1: 0.15169997807899577, 2: 0.15245522122123373, 3: 0.14935299138286254, 4: 0.15060511893015635, 5: 0.15145749548525028, 6: 0.14890918324905003} {1: 0, 2: 0, 3: 0, 4: 0, 5: 0, 6: 0}
0.82 0 0.30119183612
./new_config_single/with_0_coupling/Test_config(70%)/test_config0.83.txt
1 1 0.15158743744 0 0.0 2193.0 8334.0 5567
1 2 0.0 0 0.0 0.0 8313.0 0
1 1 0 0 0 0.0 0.0 0 0
0
2 1 0.0 0 0.0 0.0 8334.0 0
2 2 0.149976057061 0 0.0 2201.0 8313.0 5633
2 1 0 0 0 0.0 0.0 0 0
0
3 1 0.151706423601 0 0.0 2197.0 8334.0 5576
3 2 0.0 0 0.0 0.0 8313.0 0
3 1 0 0 0 0.0 0.0 0 0
0
4 1 0.0 0 0.0 0.0 8334.0 0
4 2 0.15096465835 0 0.0 2168.0 8313.0 5510
4 1 0 0 0 0.0 0.0 0 0
0
5 1 0.148704644305 0 0.0 2155.0 8334.0 5525
5 2 0.0 0 0.0 0.0 8313.0 0
5 1 0 0 0 0.0 0.0 0 0
0
6 1 0.0 0 0.0 0.0 8334.0 0
6 2 0.149151367084 0 0.0 2144.0 8313.0 5483
6 1 0 0 0 0.0 0.0 0 0
0
{1: 0.15158743743985004, 2: 0.14997605706100442, 3: 0.15170642360130268, 4: 0.15096465834955589, 5: 0.14870464430520142, 6: 0.14915136708378984} {1: 0, 2: 0, 3: 0, 4: 0, 5: 0, 6: 0}
0.83 0 0.300396165751
./new_config_single/with_0_coupling/Test_config(70%)/test_config0.84.txt
1 1 0.149999297756 0 0.0 2190.0 8383.0 5592
1 2 0.0 0 0.0 0.0 8420.0 0
1 1 0 0 0 0.0 0.0 0 0
0
2 1 0.0 0 0.0 0.0 8383.0 0
2 2 0.15006447436 0 0.0 2206.0 8420.0 5634
2 1 0 0 0 0.0 0.0 0 0
0
3 1 0.149641444874 0 0.0 2185.0 8383.0 5586
3 2 0.0 0 0.0 0.0 8420.0 0
3 1 0 0 0 0.0 0.0 0 0
0
4 1 0.0 0 0.0 0.0 8383.0 0
4 2 0.150026344779 0 0.0 2200.0 8420.0 5617
4 1 0 0 0 0.0 0.0 0 0
0
5 1 0.151351278125 0 0.0 2200.0 8383.0 5588
5 2 0.0 0 0.0 0.0 8420.0 0
5 1 0 0 0 0.0 0.0 0 0
0
6 1 0.0 0 0.0 0.0 8383.0 0
6 2 0.151845365209 0 0.0 2206.0 8420.0 5589
6 1 0 0 0 0.0 0.0 0 0
0
{1: 0.14999929775569693, 2: 0.15006447435977002, 3: 0.14964144487355896, 4: 0.1500263447791425, 5: 0.15135127812518673, 6: 0.15184536520895275} {1: 0, 2: 0, 3: 0, 4: 0, 5: 0, 6: 0}
0.84 0 0.300675092299
./new_config_single/with_0_coupling/Test_config(70%)/test_config0.85.txt
1 1 0.150078360204 0 0.0 2196.0 8467.0 5598
1 2 0.0 0 0.0 0.0 8499.0 0
1 1 0 0 0 0.0 0.0 0 0
0
2 1 0.0 0 0.0 0.0 8467.0 0
2 2 0.149656356518 0 0.0 2200.0 8499.0 5617
2 1 0 0 0 0.0 0.0 0 0
0
3 1 0.15054256663 0 0.0 2238.0 8467.0 5712
3 2 0.0 0 0.0 0.0 8499.0 0
3 1 0 0 0 0.0 0.0 0 0
0
4 1 0.0 0 0.0 0.0 8467.0 0
4 2 0.152173090524 0 0.0 2245.0 8499.0 5688
4 1 0 0 0 0.0 0.0 0 0
0
5 1 0.14929709461 0 0.0 2198.0 8467.0 5624
5 2 0.0 0 0.0 0.0 8499.0 0
5 1 0 0 0 0.0 0.0 0 0
0
6 1 0.0 0 0.0 0.0 8467.0 0
6 2 0.149505262145 0 0.0 2224.0 8499.0 5693
6 1 0 0 0 0.0 0.0 0 0
0
{1: 0.1500783602040165, 2: 0.14965635651770856, 3: 0.15054256663009585, 4: 0.15217309052409436, 5: 0.1492970946095492, 6: 0.1495052621446532} {1: 0, 2: 0, 3: 0, 4: 0, 5: 0, 6: 0}
0.85 0 0.3001171593
./new_config_single/with_0_coupling/Test_config(70%)/test_config0.86.txt
1 1 0.149919987393 0 0.0 2226.0 8546.0 5683
1 2 0.0 0 0.0 0.0 8581.0 0
1 1 0 0 0 0.0 0.0 0 0
0
2 1 0.0 0 0.0 0.0 8546.0 0
2 2 0.151350071878 0 0.0 2265.0 8581.0 5759
2 1 0 0 0 0.0 0.0 0 0
0
3 1 0.151168828414 0 0.0 2242.0 8546.0 5699
3 2 0.0 0 0.0 0.0 8581.0 0
3 1 0 0 0 0.0 0.0 0 0
0
4 1 0.0 0 0.0 0.0 8546.0 0
4 2 0.148864629133 0 0.0 2219.0 8581.0 5685
4 1 0 0 0 0.0 0.0 0 0
0
5 1 0.150154169046 0 0.0 2237.0 8546.0 5710
5 2 0.0 0 0.0 0.0 8581.0 0
5 1 0 0 0 0.0 0.0 0 0
0
6 1 0.0 0 0.0 0.0 8546.0 0
6 2 0.150500435528 0 0.0 2244.0 8581.0 5718
6 1 0 0 0 0.0 0.0 0 0
0
{1: 0.14991998739328893, 2: 0.15135007187822958, 3: 0.151168828414381, 4: 0.14886462913290313, 5: 0.15015416904614826, 6: 0.15050043552830483} {1: 0, 2: 0, 3: 0, 4: 0, 5: 0, 6: 0}
0.86 0 0.300352054424
./new_config_single/with_0_coupling/Test_config(70%)/test_config0.87.txt
1 1 0.150917140566 0 0.0 2260.0 8650.0 5747
1 2 0.0 0 0.0 0.0 8674.0 0
1 1 0 0 0 0.0 0.0 0 0
0
2 1 0.0 0 0.0 0.0 8650.0 0
2 2 0.150036850924 0 0.0 2275.0 8674.0 5812
2 1 0 0 0 0.0 0.0 0 0
0
3 1 0.148719155334 0 0.0 2238.0 8650.0 5738
3 2 0.0 0 0.0 0.0 8674.0 0
3 1 0 0 0 0.0 0.0 0 0
0
4 1 0.0 0 0.0 0.0 8650.0 0
4 2 0.15164679943 0 0.0 2264.0 8674.0 5737
4 1 0 0 0 0.0 0.0 0 0
0
5 1 0.149561879782 0 0.0 2271.0 8650.0 5815
5 2 0.0 0 0.0 0.0 8674.0 0
5 1 0 0 0 0.0 0.0 0 0
0
6 1 0.0 0 0.0 0.0 8650.0 0
6 2 0.149961965503 0 0.0 2270.0 8674.0 5799
6 1 0 0 0 0.0 0.0 0 0
0
{1: 0.1509171405660062, 2: 0.1500368509241227, 3: 0.14871915533429114, 4: 0.1516467994295882, 5: 0.1495618797821511, 6: 0.14996196550277152} {1: 0, 2: 0, 3: 0, 4: 0, 5: 0, 6: 0}
0.87 0 0.299980982582
./new_config_single/with_0_coupling/Test_config(70%)/test_config0.88.txt
1 1 0.151072053772 0 0.0 2276.0 8700.0 5785
1 2 0.0 0 0.0 0.0 8821.0 0
1 1 0 0 0 0.0 0.0 0 0
0
2 1 0.0 0 0.0 0.0 8700.0 0
2 2 0.150977992031 0 0.0 2310.0 8821.0 5875
2 1 0 0 0 0.0 0.0 0 0
0
3 1 0.148120372572 0 0.0 2264.0 8700.0 5826
3 2 0.0 0 0.0 0.0 8821.0 0
3 1 0 0 0 0.0 0.0 0 0
0
4 1 0.0 0 0.0 0.0 8700.0 0
4 2 0.149390844685 0 0.0 2300.0 8821.0 5887
4 1 0 0 0 0.0 0.0 0 0
0
5 1 0.150689255516 0 0.0 2274.0 8700.0 5789
5 2 0.0 0 0.0 0.0 8821.0 0
5 1 0 0 0 0.0 0.0 0 0
0
6 1 0.0 0 0.0 0.0 8700.0 0
6 2 0.150789150722 0 0.0 2310.0 8821.0 5880
6 1 0 0 0 0.0 0.0 0 0
0
{1: 0.15107205377196462, 2: 0.1509779920306172, 3: 0.1481203725723345, 4: 0.14939084468545644, 5: 0.15068925551592022, 6: 0.15078915072156304} {1: 0, 2: 0, 3: 0, 4: 0, 5: 0, 6: 0}
0.88 0 0.300046209876
./new_config_single/with_0_coupling/Test_config(70%)/test_config0.89.txt
1 1 0.148792596941 0 0.0 2285.0 8793.0 5861
1 2 0.0 0 0.0 0.0 8765.0 0
1 1 0 0 0 0.0 0.0 0 0
0
2 1 0.0 0 0.0 0.0 8793.0 0
2 2 0.150467086169 0 0.0 2306.0 8765.0 5883
2 1 0 0 0 0.0 0.0 0 0
0
3 1 0.149693671557 0 0.0 2276.0 8793.0 5810
3 2 0.0 0 0.0 0.0 8765.0 0
3 1 0 0 0 0.0 0.0 0 0
0
4 1 0.0 0 0.0 0.0 8793.0 0
4 2 0.148646538295 0 0.0 2274.0 8765.0 5835
4 1 0 0 0 0.0 0.0 0 0
0
5 1 0.150261966185 0 0.0 2316.0 8793.0 5915
5 2 0.0 0 0.0 0.0 8765.0 0
5 1 0 0 0 0.0 0.0 0 0
0
6 1 0.0 0 0.0 0.0 8793.0 0
6 2 0.149746440704 0 0.0 2276.0 8765.0 5812
6 1 0 0 0 0.0 0.0 0 0
0
{1: 0.14879259694093327, 2: 0.15046708616863796, 3: 0.14969367155663574, 4: 0.14864653829520189, 5: 0.15026196618540416, 6: 0.14974644070355797} {1: 0, 2: 0, 3: 0, 4: 0, 5: 0, 6: 0}
0.89 0 0.29890356385
./new_config_single/with_0_coupling/Test_config(70%)/test_config0.9.txt
1 1 0.150645040475 0 0.0 2329.0 8861.0 5936
1 2 0.0 0 0.0 0.0 8878.0 0
1 1 0 0 0 0.0 0.0 0 0
0
2 1 0.0 0 0.0 0.0 8861.0 0
2 2 0.147416157275 0 0.0 2287.0 8878.0 5894
2 1 0 0 0 0.0 0.0 0 0
0
3 1 0.149893359199 0 0.0 2321.0 8861.0 5932
3 2 0.0 0 0.0 0.0 8878.0 0
3 1 0 0 0 0.0 0.0 0 0
0
4 1 0.0 0 0.0 0.0 8861.0 0
4 2 0.149556719808 0 0.0 2307.0 8878.0 5897
4 1 0 0 0 0.0 0.0 0 0
0
5 1 0.148983407113 0 0.0 2287.0 8861.0 5854
5 2 0.0 0 0.0 0.0 8878.0 0
5 1 0 0 0 0.0 0.0 0 0
0
6 1 0.0 0 0.0 0.0 8861.0 0
6 2 0.150602687422 0 0.0 2339.0 8878.0 5965
6 1 0 0 0 0.0 0.0 0 0
0
{1: 0.1506450404745725, 2: 0.14741615727520324, 3: 0.14989335919904861, 4: 0.14955671980841545, 5: 0.14898340711344443, 6: 0.15060268742196353} {1: 0, 2: 0, 3: 0, 4: 0, 5: 0, 6: 0}
0.9 0 0.29873342464
./new_config_single/with_0_coupling/Test_config(70%)/test_config0.91.txt
1 1 0.147993075768 0 0.0 2308.0 8938.0 5935
1 2 0.0 0 0.0 0.0 8957.0 0
1 1 0 0 0 0.0 0.0 0 0
0
2 1 0.0 0 0.0 0.0 8938.0 0
2 2 0.150402296714 0 0.0 2359.0 8957.0 6021
2 1 0 0 0 0.0 0.0 0 0
0
3 1 0.149439006014 0 0.0 2348.0 8938.0 6016
3 2 0.0 0 0.0 0.0 8957.0 0
3 1 0 0 0 0.0 0.0 0 0
0
4 1 0.0 0 0.0 0.0 8938.0 0
4 2 0.148399550759 0 0.0 2319.0 8957.0 5955
4 1 0 0 0 0.0 0.0 0 0
0
5 1 0.150042448886 0 0.0 2323.0 8938.0 5925
5 2 0.0 0 0.0 0.0 8957.0 0
5 1 0 0 0 0.0 0.0 0 0
0
6 1 0.0 0 0.0 0.0 8938.0 0
6 2 0.148694638442 0 0.0 2316.0 8957.0 5938
6 1 0 0 0 0.0 0.0 0 0
0
{1: 0.14799307576757234, 2: 0.15040229671370098, 3: 0.149439006014482, 4: 0.1483995507594875, 5: 0.15004244888621607, 6: 0.14869463844157163} {1: 0, 2: 0, 3: 0, 4: 0, 5: 0, 6: 0}
0.91 0 0.298025348522
./new_config_single/with_0_coupling/Test_config(70%)/test_config0.92.txt
1 1 0.147634079631 0 0.0 2329.0 9026.0 5998
1 2 0.0 0 0.0 0.0 9102.0 0
1 1 0 0 0 0.0 0.0 0 0
0
2 1 0.0 0 0.0 0.0 9026.0 0
2 2 0.15128506664 0 0.0 2392.0 9102.0 6079
2 1 0 0 0 0.0 0.0 0 0
0
3 1 0.150441720079 0 0.0 2358.0 9026.0 6009
3 2 0.0 0 0.0 0.0 9102.0 0
3 1 0 0 0 0.0 0.0 0 0
0
4 1 0.0 0 0.0 0.0 9026.0 0
4 2 0.149671526479 0 0.0 2364.0 9102.0 6039
4 1 0 0 0 0.0 0.0 0 0
0
5 1 0.150107211145 0 0.0 2367.0 9026.0 6045
5 2 0.0 0 0.0 0.0 9102.0 0
5 1 0 0 0 0.0 0.0 0 0
0
6 1 0.0 0 0.0 0.0 9026.0 0
6 2 0.147951853167 0 0.0 2364.0 9102.0 6086
6 1 0 0 0 0.0 0.0 0 0
0
{1: 0.14763407963080188, 2: 0.15128506663970595, 3: 0.15044172007901535, 4: 0.1496715264792905, 5: 0.1501072111445631, 6: 0.14795185316673493} {1: 0, 2: 0, 3: 0, 4: 0, 5: 0, 6: 0}
0.92 0 0.298731455228
./new_config_single/with_0_coupling/Test_config(70%)/test_config0.93.txt
1 1 0.147523454552 0 0.0 2320.0 9076.0 5968
1 2 0.0 0 0.0 0.0 9118.0 0
1 1 0 0 0 0.0 0.0 0 0
0
2 1 0.0 0 0.0 0.0 9076.0 0
2 2 0.150588722302 0 0.0 2373.0 9118.0 6039
2 1 0 0 0 0.0 0.0 0 0
0
3 1 0.148161752352 0 0.0 2369.0 9076.0 6098
3 2 0.0 0 0.0 0.0 9118.0 0
3 1 0 0 0 0.0 0.0 0 0
0
4 1 0.0 0 0.0 0.0 9076.0 0
4 2 0.148058135298 0 0.0 2385.0 9118.0 6144
4 1 0 0 0 0.0 0.0 0 0
0
5 1 0.149707292768 0 0.0 2379.0 9076.0 6086
5 2 0.0 0 0.0 0.0 9118.0 0
5 1 0 0 0 0.0 0.0 0 0
0
6 1 0.0 0 0.0 0.0 9076.0 0
6 2 0.148653913345 0 0.0 2360.0 9118.0 6053
6 1 0 0 0 0.0 0.0 0 0
0
{1: 0.14752345455184668, 2: 0.1505887223019906, 3: 0.148161752351865, 4: 0.1480581352981583, 5: 0.1497072927675429, 6: 0.14865391334525022} {1: 0, 2: 0, 3: 0, 4: 0, 5: 0, 6: 0}
0.93 0 0.297266859115
./new_config_single/with_0_coupling/Test_config(70%)/test_config0.94.txt
1 1 0.149204996214 0 0.0 2378.0 9195.0 6083
1 2 0.0 0 0.0 0.0 9175.0 0
1 1 0 0 0 0.0 0.0 0 0
0
2 1 0.0 0 0.0 0.0 9195.0 0
2 2 0.148857385533 0 0.0 2392.0 9175.0 6137
2 1 0 0 0 0.0 0.0 0 0
0
3 1 0.148920557281 0 0.0 2397.0 9195.0 6148
3 2 0.0 0 0.0 0.0 9175.0 0
3 1 0 0 0 0.0 0.0 0 0
0
4 1 0.0 0 0.0 0.0 9195.0 0
4 2 0.148959677479 0 0.0 2369.0 9175.0 6065
4 1 0 0 0 0.0 0.0 0 0
0
5 1 0.148302751602 0 0.0 2395.0 9195.0 6159
5 2 0.0 0 0.0 0.0 9175.0 0
5 1 0 0 0 0.0 0.0 0 0
0
6 1 0.0 0 0.0 0.0 9195.0 0
6 2 0.148783036477 0 0.0 2395.0 9175.0 6148
6 1 0 0 0 0.0 0.0 0 0
0
{1: 0.14920499621369038, 2: 0.14885738553259734, 3: 0.14892055728090633, 4: 0.14895967747922992, 5: 0.1483027516018263, 6: 0.14878303647662394} {1: 0, 2: 0, 3: 0, 4: 0, 5: 0, 6: 0}
0.94 0 0.297378458727
./new_config_single/with_0_coupling/Test_config(70%)/test_config0.95.txt
1 1 0.150873258749 0 0.0 2427.0 9255.0 6177
1 2 0.0 0 0.0 0.0 9286.0 0
1 1 0 0 0 0.0 0.0 0 0
0
2 1 0.0 0 0.0 0.0 9255.0 0
2 2 0.149842541086 0 0.0 2418.0 9286.0 6175
2 1 0 0 0 0.0 0.0 0 0
0
3 1 0.14914231827 0 0.0 2418.0 9255.0 6198
3 2 0.0 0 0.0 0.0 9286.0 0
3 1 0 0 0 0.0 0.0 0 0
0
4 1 0.0 0 0.0 0.0 9255.0 0
4 2 0.149089228392 0 0.0 2419.0 9286.0 6199
4 1 0 0 0 0.0 0.0 0 0
0
5 1 0.147196136479 0 0.0 2379.0 9255.0 6135
5 2 0.0 0 0.0 0.0 9286.0 0
5 1 0 0 0 0.0 0.0 0 0
0
6 1 0.0 0 0.0 0.0 9255.0 0
6 2 0.148479036179 0 0.0 2413.0 9286.0 6198
6 1 0 0 0 0.0 0.0 0 0
0
{1: 0.15087325874926777, 2: 0.14984254108637812, 3: 0.14914231827029417, 4: 0.14908922839154115, 5: 0.1471961364788581, 6: 0.14847903617909525} {1: 0, 2: 0, 3: 0, 4: 0, 5: 0, 6: 0}
0.95 0 0.297909298879
./new_config_single/with_0_coupling/Test_config(70%)/test_config0.96.txt
1 1 0.148541549932 0 0.0 2438.0 9322.0 6267
1 2 0.0 0 0.0 0.0 9333.0 0
1 1 0 0 0 0.0 0.0 0 0
0
2 1 0.0 0 0.0 0.0 9322.0 0
2 2 0.148608085018 0 0.0 2411.0 9333.0 6183
2 1 0 0 0 0.0 0.0 0 0
0
3 1 0.149549746924 0 0.0 2424.0 9322.0 6197
3 2 0.0 0 0.0 0.0 9333.0 0
3 1 0 0 0 0.0 0.0 0 0
0
4 1 0.0 0 0.0 0.0 9322.0 0
4 2 0.14889665665 0 0.0 2419.0 9333.0 6199
4 1 0 0 0 0.0 0.0 0 0
0
5 1 0.148224152346 0 0.0 2406.0 9322.0 6180
5 2 0.0 0 0.0 0.0 9333.0 0
5 1 0 0 0 0.0 0.0 0 0
0
6 1 0.0 0 0.0 0.0 9322.0 0
6 2 0.148422839963 0 0.0 2443.0 9333.0 6284
6 1 0 0 0 0.0 0.0 0 0
0
{1: 0.1485415499324485, 2: 0.14860808501805217, 3: 0.14954974692428108, 4: 0.14889665665035173, 5: 0.14822415234559427, 6: 0.1484228399625192} {1: 0, 2: 0, 3: 0, 4: 0, 5: 0, 6: 0}
0.96 0 0.297116929267
./new_config_single/with_0_coupling/Test_config(70%)/test_config0.97.txt
1 1 0.148684411972 0 0.0 2419.0 9367.0 6201
1 2 0.0 0 0.0 0.0 9400.0 0
1 1 0 0 0 0.0 0.0 0 0
0
2 1 0.0 0 0.0 0.0 9367.0 0
2 2 0.147811124943 0 0.0 2443.0 9400.0 6294
2 1 0 0 0 0.0 0.0 0 0
0
3 1 0.148574363258 0 0.0 2451.0 9367.0 6300
3 2 0.0 0 0.0 0.0 9400.0 0
3 1 0 0 0 0.0 0.0 0 0
0
4 1 0.0 0 0.0 0.0 9367.0 0
4 2 0.147493424627 0 0.0 2436.0 9400.0 6282
4 1 0 0 0 0.0 0.0 0 0
0
5 1 0.146483129965 0 0.0 2409.0 9367.0 6233
5 2 0.0 0 0.0 0.0 9400.0 0
5 1 0 0 0 0.0 0.0 0 0
0
6 1 0.0 0 0.0 0.0 9367.0 0
6 2 0.14763078316 0 0.0 2418.0 9400.0 6224
6 1 0 0 0 0.0 0.0 0 0
0
{1: 0.1486844119721923, 2: 0.14781112494341334, 3: 0.14857436325807744, 4: 0.14749342462652787, 5: 0.14648312996493562, 6: 0.14763078315980083} {1: 0, 2: 0, 3: 0, 4: 0, 5: 0, 6: 0}
0.97 0 0.295263520229
./new_config_single/with_0_coupling/Test_config(70%)/test_config0.98.txt
1 1 0.148795462012 0 0.0 2450.0 9481.0 6278
1 2 0.0 0 0.0 0.0 9466.0 0
1 1 0 0 0 0.0 0.0 0 0
0
2 1 0.0 0 0.0 0.0 9481.0 0
2 2 0.147064346944 0 0.0 2444.0 9466.0 6311
2 1 0 0 0 0.0 0.0 0 0
0
3 1 0.147529035722 0 0.0 2437.0 9481.0 6275
3 2 0.0 0 0.0 0.0 9466.0 0
3 1 0 0 0 0.0 0.0 0 0
0
4 1 0.0 0 0.0 0.0 9481.0 0
4 2 0.150090938963 0 0.0 2481.0 9466.0 6336
4 1 0 0 0 0.0 0.0 0 0
0
5 1 0.148813982002 0 0.0 2494.0 9481.0 6409
5 2 0.0 0 0.0 0.0 9466.0 0
5 1 0 0 0 0.0 0.0 0 0
0
6 1 0.0 0 0.0 0.0 9481.0 0
6 2 0.147449860475 0 0.0 2439.0 9466.0 6285
6 1 0 0 0 0.0 0.0 0 0
0
{1: 0.1487954620124622, 2: 0.1470643469444995, 3: 0.1475290357220361, 4: 0.15009093896337838, 5: 0.14881398200171875, 6: 0.14744986047454678} {1: 0, 2: 0, 3: 0, 4: 0, 5: 0, 6: 0}
0.98 0 0.296284627498
./new_config_single/with_0_coupling/Test_config(70%)/test_config0.99.txt
1 1 0.147615988998 0 0.0 2471.0 9596.0 6362
1 2 0.0 0 0.0 0.0 9554.0 0
1 1 0 0 0 0.0 0.0 0 0
0
2 1 0.0 0 0.0 0.0 9596.0 0
2 2 0.150047093022 0 0.0 2500.0 9554.0 6384
2 1 0 0 0 0.0 0.0 0 0
0
3 1 0.149112969186 0 0.0 2499.0 9596.0 6403
3 2 0.0 0 0.0 0.0 9554.0 0
3 1 0 0 0 0.0 0.0 0 0
0
4 1 0.0 0 0.0 0.0 9596.0 0
4 2 0.147560231763 0 0.0 2451.0 9554.0 6308
4 1 0 0 0 0.0 0.0 0 0
0
5 1 0.148172776133 0 0.0 2498.0 9596.0 6427
5 2 0.0 0 0.0 0.0 9554.0 0
5 1 0 0 0 0.0 0.0 0 0
0
6 1 0.0 0 0.0 0.0 9596.0 0
6 2 0.148401915728 0 0.0 2495.0 9554.0 6416
6 1 0 0 0 0.0 0.0 0 0
0
{1: 0.1476159889984729, 2: 0.15004709302200742, 3: 0.1491129691864802, 4: 0.1475602317626121, 5: 0.14817277613327495, 6: 0.1484019157282718} {1: 0, 2: 0, 3: 0, 4: 0, 5: 0, 6: 0}
0.99 0 0.296673354619
./new_config_single/with_0_coupling/Test_config(70%)/test_config1.0.txt
1 1 0.148282366909 0 0.0 2505.0 9658.0 6438
1 2 0.0 0 0.0 0.0 9647.0 0
1 1 0 0 0 0.0 0.0 0 0
0
2 1 0.0 0 0.0 0.0 9658.0 0
2 2 0.148601019212 0 0.0 2508.0 9647.0 6439
2 1 0 0 0 0.0 0.0 0 0
0
3 1 0.147347696158 0 0.0 2507.0 9658.0 6471
3 2 0.0 0 0.0 0.0 9647.0 0
3 1 0 0 0 0.0 0.0 0 0
0
4 1 0.0 0 0.0 0.0 9658.0 0
4 2 0.148179913913 0 0.0 2518.0 9647.0 6481
4 1 0 0 0 0.0 0.0 0 0
0
5 1 0.14676107758 0 0.0 2480.0 9658.0 6407
5 2 0.0 0 0.0 0.0 9647.0 0
5 1 0 0 0 0.0 0.0 0 0
0
6 1 0.0 0 0.0 0.0 9658.0 0
6 2 0.148557793866 0 0.0 2486.0 9647.0 6374
6 1 0 0 0 0.0 0.0 0 0
0
{1: 0.1482823669089401, 2: 0.14860101921236246, 3: 0.14734769615786383, 4: 0.14817991391335456, 5: 0.14676107757966908, 6: 0.14855779386554988} {1: 0, 2: 0, 3: 0, 4: 0, 5: 0, 6: 0}
1.0 0 0.295614045923
