./new_config_single/with_0.1_coupling/Test_config(70%)/test_config0.0.txt
{1: set([1]), 2: set([2]), 3: set([1]), 4: set([2]), 5: set([1]), 6: set([2])}
1 1 0 0 0 0.0 3000 1000
1 2 0 0 0 0.0 3000 0
2 1 0 0 0 0.0 3000 0
2 2 0 0 0 0.0 3000 1008
3 1 0 0 0 0.0 3000 1000
3 2 0 0 0 0.0 3000 0
4 1 0 0 0 0.0 3000 0
4 2 0 0 0 0.0 3000 1001
5 1 0 0 0 0.0 3000 1000
5 2 0 0 0 0.0 3000 0
6 1 0 0 0 0.0 3000 0
6 2 0 0 0 0.0 3000 991
{1: 0, 2: 0, 3: 0, 4: 0, 5: 0, 6: 0} {1: 0, 2: 0, 3: 0, 4: 0, 5: 0, 6: 0}
0.0 3000 0.0
./new_config_single/with_0.1_coupling/Test_config(70%)/test_config0.01.txt
{1: set([1]), 2: set([2]), 3: set([1]), 4: set([2]), 5: set([1]), 6: set([2])}
1 1 0.276422764228 0 0.0 34.0 3123 1083
1 2 0.0 0 0.0 0.0 3121 0
2 1 0.0 0 0.0 0.0 3123 0
2 2 0.280991735537 0 0.0 34.0 3121 1092
3 1 0.276422764228 0 0.0 34.0 3123 1081
3 2 0.0 0 0.0 0.0 3121 0
4 1 0.0 0 0.0 0.0 3123 0
4 2 0.272727272727 0 0.0 33.0 3121 1080
5 1 0.276422764228 0 0.0 34.0 3123 1082
5 2 0.0 0 0.0 0.0 3121 0
6 1 0.0 0 0.0 0.0 3123 0
6 2 0.272727272727 0 0.0 33.0 3121 1070
{1: 0.2764227642276423, 2: 0.2809917355371901, 3: 0.2764227642276423, 4: 0.2727272727272727, 5: 0.2764227642276423, 6: 0.2727272727272727} {1: 0, 2: 0, 3: 0, 4: 0, 5: 0, 6: 0}
0.01 3000 0.551352953034
./new_config_single/with_0.1_coupling/Test_config(70%)/test_config0.02.txt
{1: set([1]), 2: set([2]), 3: set([1]), 4: set([2]), 5: set([1]), 6: set([2])}
1 1 0.276422764228 0 0.0 68.0 3246 1163
1 2 0.0 0 0.0 0.0 3246 0
2 1 0.0 0 0.0 0.0 3246 0
2 2 0.276422764228 0 0.0 68.0 3246 1176
3 1 0.280487804878 0 0.0 69.0 3246 1166
3 2 0.0 0 0.0 0.0 3246 0
4 1 0.0 0 0.0 0.0 3246 0
4 2 0.276422764228 0 0.0 68.0 3246 1164
5 1 0.272357723577 0 0.0 67.0 3246 1163
5 2 0.0 0 0.0 0.0 3246 0
6 1 0.0 0 0.0 0.0 3246 0
6 2 0.276422764228 0 0.0 68.0 3246 1152
{1: 0.2764227642276423, 2: 0.2764227642276423, 3: 0.2804878048780488, 4: 0.2764227642276423, 5: 0.27235772357723576, 6: 0.2764227642276423} {1: 0, 2: 0, 3: 0, 4: 0, 5: 0, 6: 0}
0.02 3000 0.552292682927
./new_config_single/with_0.1_coupling/Test_config(70%)/test_config0.03.txt
{1: set([1]), 2: set([2]), 3: set([1]), 4: set([2]), 5: set([1]), 6: set([2])}
1 1 0.272972972973 0 0.0 101.0 3370 1244
1 2 0.0 0 0.0 0.0 3373 0
2 1 0.0 0 0.0 0.0 3370 0
2 2 0.276139410188 0 0.0 103.0 3373 1257
3 1 0.278378378378 0 0.0 103.0 3370 1254
3 2 0.0 0 0.0 0.0 3373 0
4 1 0.0 0 0.0 0.0 3370 0
4 2 0.270777479893 0 0.0 101.0 3373 1250
5 1 0.272972972973 0 0.0 101.0 3370 1242
5 2 0.0 0 0.0 0.0 3373 0
6 1 0.0 0 0.0 0.0 3370 0
6 2 0.276139410188 0 0.0 103.0 3373 1239
{1: 0.27297297297297296, 2: 0.2761394101876676, 3: 0.27837837837837837, 4: 0.2707774798927614, 5: 0.27297297297297296, 6: 0.2761394101876676} {1: 0, 2: 0, 3: 0, 4: 0, 5: 0, 6: 0}
0.03 3000 0.548577747989
./new_config_single/with_0.1_coupling/Test_config(70%)/test_config0.04.txt
{1: set([1]), 2: set([2]), 3: set([1]), 4: set([2]), 5: set([1]), 6: set([2])}
1 1 0.271084337349 0 0.0 135.0 3498 1331
1 2 0.0 0 0.0 0.0 3492 0
2 1 0.0 0 0.0 0.0 3498 0
2 2 0.268292682927 0 0.0 132.0 3492 1328
3 1 0.277108433735 0 0.0 138.0 3498 1331
3 2 0.0 0 0.0 0.0 3492 0
4 1 0.0 0 0.0 0.0 3498 0
4 2 0.278455284553 0 0.0 137.0 3492 1334
5 1 0.277108433735 0 0.0 138.0 3498 1334
5 2 0.0 0 0.0 0.0 3492 0
6 1 0.0 0 0.0 0.0 3498 0
6 2 0.278455284553 0 0.0 137.0 3492 1322
{1: 0.2710843373493976, 2: 0.2682926829268293, 3: 0.27710843373493976, 4: 0.2784552845528455, 5: 0.27710843373493976, 6: 0.2784552845528455} {1: 0, 2: 0, 3: 0, 4: 0, 5: 0, 6: 0}
0.04 3000 0.549617984132
./new_config_single/with_0.1_coupling/Test_config(70%)/test_config0.05.txt
{1: set([1]), 2: set([2]), 3: set([1]), 4: set([2]), 5: set([1]), 6: set([2])}
1 1 0.273615635179 0 0.0 168.0 3614 1414
1 2 0.0 0 0.0 0.0 3623 0
2 1 0.0 0 0.0 0.0 3614 0
2 2 0.274478330658 0 0.0 171.0 3623 1423
3 1 0.276872964169 0 0.0 170.0 3614 1413
3 2 0.0 0 0.0 0.0 3623 0
4 1 0.0 0 0.0 0.0 3614 0
4 2 0.274478330658 0 0.0 171.0 3623 1420
5 1 0.268729641694 0 0.0 165.0 3614 1401
5 2 0.0 0 0.0 0.0 3623 0
6 1 0.0 0 0.0 0.0 3614 0
6 2 0.272873194222 0 0.0 170.0 3623 1403
{1: 0.2736156351791531, 2: 0.27447833065810595, 3: 0.2768729641693811, 4: 0.27447833065810595, 5: 0.2687296416938111, 6: 0.27287319422150885} {1: 0, 2: 0, 3: 0, 4: 0, 5: 0, 6: 0}
0.05 3000 0.546469016161
./new_config_single/with_0.1_coupling/Test_config(70%)/test_config0.06.txt
{1: set([1]), 2: set([2]), 3: set([1]), 4: set([2]), 5: set([1]), 6: set([2])}
1 1 0.275675675676 0 0.0 204.0 3740 1504
1 2 0.0 0 0.0 0.0 3739 0
2 1 0.0 0 0.0 0.0 3740 0
2 2 0.274695534506 0 0.0 203.0 3739 1496
3 1 0.272972972973 0 0.0 202.0 3740 1489
3 2 0.0 0 0.0 0.0 3739 0
4 1 0.0 0 0.0 0.0 3740 0
4 2 0.276048714479 0 0.0 204.0 3739 1504
5 1 0.272972972973 0 0.0 202.0 3740 1487
5 2 0.0 0 0.0 0.0 3739 0
6 1 0.0 0 0.0 0.0 3740 0
6 2 0.270635994587 0 0.0 200.0 3739 1478
{1: 0.2756756756756757, 2: 0.2746955345060893, 3: 0.27297297297297296, 4: 0.27604871447902574, 5: 0.27297297297297296, 6: 0.2706359945872801} {1: 0, 2: 0, 3: 0, 4: 0, 5: 0, 6: 0}
0.06 3000 0.54711962111
./new_config_single/with_0.1_coupling/Test_config(70%)/test_config0.07.txt
{1: set([1]), 2: set([2]), 3: set([1]), 4: set([2]), 5: set([1]), 6: set([2])}
1 1 0.272093023256 0 0.0 234.0 3860 1565
1 2 0.0 0 0.0 0.0 3866 0
2 1 0.0 0 0.0 0.0 3860 0
2 2 0.273672055427 0 0.0 237.0 3866 1583
3 1 0.274418604651 0 0.0 236.0 3860 1574
3 2 0.0 0 0.0 0.0 3866 0
4 1 0.0 0 0.0 0.0 3860 0
4 2 0.274826789838 0 0.0 238.0 3866 1578
5 1 0.277906976744 0 0.0 239.0 3860 1581
5 2 0.0 0 0.0 0.0 3866 0
6 1 0.0 0 0.0 0.0 3860 0
6 2 0.274826789838 0 0.0 238.0 3866 1571
{1: 0.27209302325581397, 2: 0.27367205542725176, 3: 0.2744186046511628, 4: 0.2748267898383372, 5: 0.2779069767441861, 6: 0.2748267898383372} {1: 0, 2: 0, 3: 0, 4: 0, 5: 0, 6: 0}
0.07 3000 0.548698831838
./new_config_single/with_0.1_coupling/Test_config(70%)/test_config0.08.txt
{1: set([1]), 2: set([2]), 3: set([1]), 4: set([2]), 5: set([1]), 6: set([2])}
1 1 0.272357723577 0 0.0 268.0 3984 1650
1 2 0.0 0 0.0 0.0 3981 0
2 1 0.0 0 0.0 0.0 3984 0
2 2 0.272171253823 0 0.0 267.0 3981 1655
3 1 0.27337398374 0 0.0 269.0 3984 1658
3 2 0.0 0 0.0 0.0 3981 0
4 1 0.0 0 0.0 0.0 3984 0
4 2 0.275229357798 0 0.0 270.0 3981 1664
5 1 0.274390243902 0 0.0 270.0 3984 1660
5 2 0.0 0 0.0 0.0 3981 0
6 1 0.0 0 0.0 0.0 3984 0
6 2 0.273190621814 0 0.0 268.0 3981 1643
{1: 0.27235772357723576, 2: 0.27217125382262997, 3: 0.2733739837398374, 4: 0.27522935779816515, 5: 0.27439024390243905, 6: 0.273190621814475} {1: 0, 2: 0, 3: 0, 4: 0, 5: 0, 6: 0}
0.08 3000 0.54635749049
./new_config_single/with_0.1_coupling/Test_config(70%)/test_config0.09.txt
{1: set([1]), 2: set([2]), 3: set([1]), 4: set([2]), 5: set([1]), 6: set([2])}
1 1 0.276459854015 0 0.0 303.0 4096 1738
1 2 0.0 0 0.0 0.0 4099 0
2 1 0.0 0 0.0 0.0 4096 0
2 2 0.270245677889 0 0.0 297.0 4099 1741
3 1 0.268248175182 0 0.0 294.0 4096 1720
3 2 0.0 0 0.0 0.0 4099 0
4 1 0.0 0 0.0 0.0 4096 0
4 2 0.274795268426 0 0.0 302.0 4099 1729
5 1 0.275547445255 0 0.0 302.0 4096 1734
5 2 0.0 0 0.0 0.0 4099 0
6 1 0.0 0 0.0 0.0 4096 0
6 2 0.276615104641 0 0.0 304.0 4099 1728
{1: 0.27645985401459855, 2: 0.27024567788899, 3: 0.26824817518248173, 4: 0.2747952684258417, 5: 0.2755474452554745, 6: 0.27661510464058237} {1: 0, 2: 0, 3: 0, 4: 0, 5: 0, 6: 0}
0.09 3000 0.546756537961
./new_config_single/with_0.1_coupling/Test_config(70%)/test_config0.1.txt
{1: set([1]), 2: set([2]), 3: set([1]), 4: set([2]), 5: set([1]), 6: set([2])}
1 1 0.271035598706 0 0.0 335.0 4236 1824
1 2 0.0 0 0.0 0.0 4224 0
2 1 0.0 0 0.0 0.0 4236 0
2 2 0.272875816993 0 0.0 334.0 4224 1829
3 1 0.276699029126 0 0.0 342.0 4236 1828
3 2 0.0 0 0.0 0.0 4224 0
4 1 0.0 0 0.0 0.0 4236 0
4 2 0.270424836601 0 0.0 331.0 4224 1811
5 1 0.273462783172 0 0.0 338.0 4236 1820
5 2 0.0 0 0.0 0.0 4224 0
6 1 0.0 0 0.0 0.0 4236 0
6 2 0.27614379085 0 0.0 338.0 4224 1808
{1: 0.27103559870550165, 2: 0.272875816993464, 3: 0.2766990291262136, 4: 0.2704248366013072, 5: 0.27346278317152106, 6: 0.2761437908496732} {1: 0, 2: 0, 3: 0, 4: 0, 5: 0, 6: 0}
0.1 3000 0.546333737864
./new_config_single/with_0.1_coupling/Test_config(70%)/test_config0.11.txt
{1: set([1]), 2: set([2]), 3: set([1]), 4: set([2]), 5: set([1]), 6: set([2])}
1 1 0.272390821614 0 0.0 368.0 4351 1892
1 2 0.0 0 0.0 0.0 4348 0
2 1 0.0 0 0.0 0.0 4351 0
2 2 0.271513353116 0 0.0 366.0 4348 1901
3 1 0.276091783864 0 0.0 373.0 4351 1916
3 2 0.0 0 0.0 0.0 4348 0
4 1 0.0 0 0.0 0.0 4351 0
4 2 0.275222551929 0 0.0 371.0 4348 1901
5 1 0.271650629164 0 0.0 367.0 4351 1894
5 2 0.0 0 0.0 0.0 4348 0
6 1 0.0 0 0.0 0.0 4351 0
6 2 0.274480712166 0 0.0 370.0 4348 1894
{1: 0.27239082161361955, 2: 0.271513353115727, 3: 0.27609178386380456, 4: 0.27522255192878337, 5: 0.2716506291635825, 6: 0.2744807121661721} {1: 0, 2: 0, 3: 0, 4: 0, 5: 0, 6: 0}
0.11 3000 0.546569500667
./new_config_single/with_0.1_coupling/Test_config(70%)/test_config0.12.txt
{1: set([1]), 2: set([2]), 3: set([1]), 4: set([2]), 5: set([1]), 6: set([2])}
1 1 0.269098417068 0 0.0 391.0 4453 1960
1 2 0.0 0 0.0 0.0 4455 0
2 1 0.0 0 0.0 0.0 4453 0
2 2 0.272852233677 0 0.0 397.0 4455 1992
3 1 0.273916035788 0 0.0 398.0 4453 1969
3 2 0.0 0 0.0 0.0 4455 0
4 1 0.0 0 0.0 0.0 4453 0
4 2 0.2735395189 0 0.0 398.0 4455 1965
5 1 0.274604267034 0 0.0 399.0 4453 1977
5 2 0.0 0 0.0 0.0 4455 0
6 1 0.0 0 0.0 0.0 4453 0
6 2 0.27147766323 0 0.0 395.0 4455 1953
{1: 0.2690984170681349, 2: 0.2728522336769759, 3: 0.27391603578802476, 4: 0.27353951890034367, 5: 0.2746042670337233, 6: 0.27147766323024053} {1: 0, 2: 0, 3: 0, 4: 0, 5: 0, 6: 0}
0.12 3000 0.544617549187
./new_config_single/with_0.1_coupling/Test_config(70%)/test_config0.13.txt
{1: set([1]), 2: set([2]), 3: set([1]), 4: set([2]), 5: set([1]), 6: set([2])}
1 1 0.272327044025 0 0.0 433.0 4590 2056
1 2 0.0 0 0.0 0.0 4569 0
2 1 0.0 0 0.0 0.0 4590 0
2 2 0.271510516252 0 0.0 426.0 4569 2053
3 1 0.275471698113 0 0.0 438.0 4590 2070
3 2 0.0 0 0.0 0.0 4569 0
4 1 0.0 0 0.0 0.0 4590 0
4 2 0.274697259401 0 0.0 431.0 4569 2058
5 1 0.271698113208 0 0.0 432.0 4590 2054
5 2 0.0 0 0.0 0.0 4569 0
6 1 0.0 0 0.0 0.0 4590 0
6 2 0.270873167623 0 0.0 425.0 4569 2027
{1: 0.2723270440251572, 2: 0.27151051625239003, 3: 0.27547169811320754, 4: 0.2746972594008923, 5: 0.27169811320754716, 6: 0.2708731676226896} {1: 0, 2: 0, 3: 0, 4: 0, 5: 0, 6: 0}
0.13 3000 0.544980406941
./new_config_single/with_0.1_coupling/Test_config(70%)/test_config0.14.txt
{1: set([1]), 2: set([2]), 3: set([1]), 4: set([2]), 5: set([1]), 6: set([2])}
1 1 0.272620446533 0 0.0 464.0 4702 2147
1 2 0.0 0 0.0 0.0 4683 0
2 1 0.0 0 0.0 0.0 4702 0
2 2 0.270350564468 0 0.0 455.0 4683 2132
3 1 0.273207990599 0 0.0 465.0 4702 2124
3 2 0.0 0 0.0 0.0 4683 0
4 1 0.0 0 0.0 0.0 4702 0
4 2 0.274509803922 0 0.0 462.0 4683 2144
5 1 0.272620446533 0 0.0 464.0 4702 2133
5 2 0.0 0 0.0 0.0 4683 0
6 1 0.0 0 0.0 0.0 4702 0
6 2 0.272133095663 0 0.0 458.0 4683 2090
{1: 0.27262044653349, 2: 0.27035056446821154, 3: 0.27320799059929496, 4: 0.27450980392156865, 5: 0.27262044653349, 6: 0.27213309566250743} {1: 0, 2: 0, 3: 0, 4: 0, 5: 0, 6: 0}
0.14 3000 0.54460230179
./new_config_single/with_0.1_coupling/Test_config(70%)/test_config0.15.txt
{1: set([1]), 2: set([2]), 3: set([1]), 4: set([2]), 5: set([1]), 6: set([2])}
1 1 0.27217630854 0 0.0 494.0 4815 2207
1 2 0.0 0 0.0 0.0 4810 0
2 1 0.0 0 0.0 0.0 4815 0
2 2 0.269060773481 0 0.0 487.0 4810 2200
3 1 0.274380165289 0 0.0 498.0 4815 2224
3 2 0.0 0 0.0 0.0 4810 0
4 1 0.0 0 0.0 0.0 4815 0
4 2 0.271270718232 0 0.0 491.0 4810 2203
5 1 0.269972451791 0 0.0 490.0 4815 2199
5 2 0.0 0 0.0 0.0 4810 0
6 1 0.0 0 0.0 0.0 4815 0
6 2 0.275690607735 0 0.0 499.0 4810 2217
{1: 0.2721763085399449, 2: 0.269060773480663, 3: 0.2743801652892562, 4: 0.2712707182320442, 5: 0.2699724517906336, 6: 0.27569060773480664} {1: 0, 2: 0, 3: 0, 4: 0, 5: 0, 6: 0}
0.15 3000 0.543639491347
./new_config_single/with_0.1_coupling/Test_config(70%)/test_config0.16.txt
{1: set([1]), 2: set([2]), 3: set([1]), 4: set([2]), 5: set([1]), 6: set([2])}
1 1 0.275467775468 0 0.0 530.0 4924 2292
1 2 0.0 0 0.0 0.0 4917 0
2 1 0.0 0 0.0 0.0 4924 0
2 2 0.271778821075 0 0.0 521.0 4917 2293
3 1 0.27130977131 0 0.0 522.0 4924 2280
3 2 0.0 0 0.0 0.0 4917 0
4 1 0.0 0 0.0 0.0 4924 0
4 2 0.26917057903 0 0.0 516.0 4917 2261
5 1 0.269750519751 0 0.0 519.0 4924 2276
5 2 0.0 0 0.0 0.0 4917 0
6 1 0.0 0 0.0 0.0 4924 0
6 2 0.274908711528 0 0.0 527.0 4917 2280
{1: 0.27546777546777546, 2: 0.2717788210745957, 3: 0.2713097713097713, 4: 0.26917057902973396, 5: 0.2697505197505197, 6: 0.2749087115284298} {1: 0, 2: 0, 3: 0, 4: 0, 5: 0, 6: 0}
0.16 3000 0.543584597328
./new_config_single/with_0.1_coupling/Test_config(70%)/test_config0.17.txt
{1: set([1]), 2: set([2]), 3: set([1]), 4: set([2]), 5: set([1]), 6: set([2])}
1 1 0.269990128332 0 0.0 547.0 5026 2347
1 2 0.0 0 0.0 0.0 5052 0
2 1 0.0 0 0.0 0.0 5026 0
2 2 0.269980506823 0 0.0 554.0 5052 2356
3 1 0.274432379072 0 0.0 556.0 5026 2342
3 2 0.0 0 0.0 0.0 5052 0
4 1 0.0 0 0.0 0.0 5026 0
4 2 0.272417153996 0 0.0 559.0 5052 2373
5 1 0.269496544916 0 0.0 546.0 5026 2363
5 2 0.0 0 0.0 0.0 5052 0
6 1 0.0 0 0.0 0.0 5026 0
6 2 0.274366471735 0 0.0 563.0 5052 2375
{1: 0.26999012833168806, 2: 0.2699805068226121, 3: 0.2744323790720632, 4: 0.2724171539961014, 5: 0.2694965449160908, 6: 0.2743664717348928} {1: 0, 2: 0, 3: 0, 4: 0, 5: 0, 6: 0}
0.17 3000 0.543017500563
./new_config_single/with_0.1_coupling/Test_config(70%)/test_config0.18.txt
{1: set([1]), 2: set([2]), 3: set([1]), 4: set([2]), 5: set([1]), 6: set([2])}
1 1 0.272389791183 0 0.0 587.0 5155 2442
1 2 0.0 0 0.0 0.0 5131 0
2 1 0.0 0 0.0 0.0 5155 0
2 2 0.272172688878 0 0.0 580.0 5131 2423
3 1 0.274709976798 0 0.0 592.0 5155 2447
3 2 0.0 0 0.0 0.0 5131 0
4 1 0.0 0 0.0 0.0 5155 0
4 2 0.272641952135 0 0.0 581.0 5131 2435
5 1 0.269141531323 0 0.0 580.0 5155 2421
5 2 0.0 0 0.0 0.0 5131 0
6 1 0.0 0 0.0 0.0 5155 0
6 2 0.268418582825 0 0.0 572.0 5131 2404
{1: 0.27238979118329465, 2: 0.2721726888784608, 3: 0.27470997679814385, 4: 0.2726419521351478, 5: 0.2691415313225058, 6: 0.2684185828249648} {1: 0, 2: 0, 3: 0, 4: 0, 5: 0, 6: 0}
0.18 3000 0.542615016206
./new_config_single/with_0.1_coupling/Test_config(70%)/test_config0.19.txt
{1: set([1]), 2: set([2]), 3: set([1]), 4: set([2]), 5: set([1]), 6: set([2])}
1 1 0.275253639171 0 0.0 624.0 5267 2539
1 2 0.0 0 0.0 0.0 5278 0
2 1 0.0 0 0.0 0.0 5267 0
2 2 0.270851624232 0 0.0 617.0 5278 2536
3 1 0.27128363476 0 0.0 615.0 5267 2499
3 2 0.0 0 0.0 0.0 5278 0
4 1 0.0 0 0.0 0.0 5267 0
4 2 0.268656716418 0 0.0 612.0 5278 2499
5 1 0.269078076753 0 0.0 610.0 5267 2496
5 2 0.0 0 0.0 0.0 5278 0
6 1 0.0 0 0.0 0.0 5267 0
6 2 0.275680421422 0 0.0 628.0 5278 2521
{1: 0.27525363917071016, 2: 0.2708516242317823, 3: 0.27128363475959416, 4: 0.26865671641791045, 5: 0.2690780767534186, 6: 0.27568042142230026} {1: 0, 2: 0, 3: 0, 4: 0, 5: 0, 6: 0}
0.19 3000 0.543057769548
./new_config_single/with_0.1_coupling/Test_config(70%)/test_config0.2.txt
{1: set([1]), 2: set([2]), 3: set([1]), 4: set([2]), 5: set([1]), 6: set([2])}
1 1 0.271464646465 0 0.0 645.0 5376 2578
1 2 0.0 0 0.0 0.0 5382 0
2 1 0.0 0 0.0 0.0 5376 0
2 2 0.269941225861 0 0.0 643.0 5382 2572
3 1 0.275673400673 0 0.0 655.0 5376 2613
3 2 0.0 0 0.0 0.0 5382 0
4 1 0.0 0 0.0 0.0 5376 0
4 2 0.270780856423 0 0.0 645.0 5382 2594
5 1 0.267676767677 0 0.0 636.0 5376 2561
5 2 0.0 0 0.0 0.0 5382 0
6 1 0.0 0 0.0 0.0 5376 0
6 2 0.274559193955 0 0.0 654.0 5382 2598
{1: 0.27146464646464646, 2: 0.2699412258606213, 3: 0.2756734006734007, 4: 0.2707808564231738, 5: 0.2676767676767677, 6: 0.27455919395465994} {1: 0, 2: 0, 3: 0, 4: 0, 5: 0, 6: 0}
0.2 3000 0.542821998321
./new_config_single/with_0.1_coupling/Test_config(70%)/test_config0.21.txt
{1: set([1]), 2: set([2]), 3: set([1]), 4: set([2]), 5: set([1]), 6: set([2])}
1 1 0.272291083567 0 0.0 681.0 5501 2681
1 2 0.0 0 0.0 0.0 5486 0
2 1 0.0 0 0.0 0.0 5501 0
2 2 0.26950925181 0 0.0 670.0 5486 2662
3 1 0.271891243503 0 0.0 680.0 5501 2673
3 2 0.0 0 0.0 0.0 5486 0
4 1 0.0 0 0.0 0.0 5501 0
4 2 0.273934030571 0 0.0 681.0 5486 2676
5 1 0.270691723311 0 0.0 677.0 5501 2648
5 2 0.0 0 0.0 0.0 5486 0
6 1 0.0 0 0.0 0.0 5501 0
6 2 0.269911504425 0 0.0 671.0 5486 2634
{1: 0.2722910835665734, 2: 0.26950925181013674, 3: 0.27189124350259897, 4: 0.2739340305711987, 5: 0.2706917233106757, 6: 0.26991150442477874} {1: 0, 2: 0, 3: 0, 4: 0, 5: 0, 6: 0}
0.21 3000 0.542200202783
./new_config_single/with_0.1_coupling/Test_config(70%)/test_config0.22.txt
{1: set([1]), 2: set([2]), 3: set([1]), 4: set([2]), 5: set([1]), 6: set([2])}
1 1 0.271929824561 0 0.0 713.0 5622 2730
1 2 0.0 0 0.0 0.0 5616 0
2 1 0.0 0 0.0 0.0 5622 0
2 2 0.269877675841 0 0.0 706.0 5616 2741
3 1 0.270404271548 0 0.0 709.0 5622 2757
3 2 0.0 0 0.0 0.0 5616 0
4 1 0.0 0 0.0 0.0 5622 0
4 2 0.272935779817 0 0.0 714.0 5616 2763
5 1 0.272692601068 0 0.0 715.0 5622 2757
5 2 0.0 0 0.0 0.0 5616 0
6 1 0.0 0 0.0 0.0 5622 0
6 2 0.272171253823 0 0.0 712.0 5616 2728
{1: 0.2719298245614035, 2: 0.2698776758409786, 3: 0.2704042715484363, 4: 0.27293577981651373, 5: 0.2726926010678871, 6: 0.27217125382262997} {1: 0, 2: 0, 3: 0, 4: 0, 5: 0, 6: 0}
0.22 3000 0.542793798417
./new_config_single/with_0.1_coupling/Test_config(70%)/test_config0.23.txt
{1: set([1]), 2: set([2]), 3: set([1]), 4: set([2]), 5: set([1]), 6: set([2])}
1 1 0.273193986065 0 0.0 745.0 5727 2828
1 2 0.0 0 0.0 0.0 5718 0
2 1 0.0 0 0.0 0.0 5727 0
2 2 0.270787343635 0 0.0 736.0 5718 2809
3 1 0.270627062706 0 0.0 738.0 5727 2815
3 2 0.0 0 0.0 0.0 5718 0
4 1 0.0 0 0.0 0.0 5727 0
4 2 0.274834437086 0 0.0 747.0 5718 2839
5 1 0.270627062706 0 0.0 738.0 5727 2811
5 2 0.0 0 0.0 0.0 5718 0
6 1 0.0 0 0.0 0.0 5727 0
6 2 0.268579838116 0 0.0 730.0 5718 2788
{1: 0.2731939860652732, 2: 0.27078734363502577, 3: 0.2706270627062706, 4: 0.27483443708609273, 5: 0.2706270627062706, 6: 0.26857983811626196} {1: 0, 2: 0, 3: 0, 4: 0, 5: 0, 6: 0}
0.23 3000 0.542340360195
./new_config_single/with_0.1_coupling/Test_config(70%)/test_config0.24.txt
{1: set([1]), 2: set([2]), 3: set([1]), 4: set([2]), 5: set([1]), 6: set([2])}
1 1 0.272370766488 0 0.0 764.0 5805 2890
1 2 0.0 0 0.0 0.0 5806 0
2 1 0.0 0 0.0 0.0 5805 0
2 2 0.273699215966 0 0.0 768.0 5806 2864
3 1 0.269875222816 0 0.0 757.0 5805 2866
3 2 0.0 0 0.0 0.0 5806 0
4 1 0.0 0 0.0 0.0 5805 0
4 2 0.268353528154 0 0.0 753.0 5806 2872
5 1 0.269875222816 0 0.0 757.0 5805 2854
5 2 0.0 0 0.0 0.0 5806 0
6 1 0.0 0 0.0 0.0 5805 0
6 2 0.269422665716 0 0.0 756.0 5806 2876
{1: 0.2723707664884136, 2: 0.2736992159657876, 3: 0.2698752228163993, 4: 0.2683535281539558, 5: 0.2698752228163993, 6: 0.2694226657163222} {1: 0, 2: 0, 3: 0, 4: 0, 5: 0, 6: 0}
0.24 3000 0.540657675112
./new_config_single/with_0.1_coupling/Test_config(70%)/test_config0.25.txt
{1: set([1]), 2: set([2]), 3: set([1]), 4: set([2]), 5: set([1]), 6: set([2])}
1 1 0.269895022012 0 0.0 797.0 5953 2953
1 2 0.0 0 0.0 0.0 5947 0
2 1 0.0 0 0.0 0.0 5953 0
2 2 0.268747879199 0 0.0 792.0 5947 2969
3 1 0.271249576702 0 0.0 801.0 5953 2982
3 2 0.0 0 0.0 0.0 5947 0
4 1 0.0 0 0.0 0.0 5953 0
4 2 0.274177129284 0 0.0 808.0 5947 2980
5 1 0.272265492719 0 0.0 804.0 5953 2971
5 2 0.0 0 0.0 0.0 5947 0
6 1 0.0 0 0.0 0.0 5953 0
6 2 0.270783847981 0 0.0 798.0 5947 2945
{1: 0.2698950220115137, 2: 0.26874787919918564, 3: 0.27124957670165933, 4: 0.27417712928401766, 5: 0.27226549271926853, 6: 0.27078384798099764} {1: 0, 2: 0, 3: 0, 4: 0, 5: 0, 6: 0}
0.25 3000 0.54183060965
./new_config_single/with_0.1_coupling/Test_config(70%)/test_config0.26.txt
{1: set([1]), 2: set([2]), 3: set([1]), 4: set([2]), 5: set([1]), 6: set([2])}
1 1 0.274529236868 0 0.0 831.0 6027 3042
1 2 0.0 0 0.0 0.0 6035 0
2 1 0.0 0 0.0 0.0 6027 0
2 2 0.27413509061 0 0.0 832.0 6035 3077
3 1 0.267591674926 0 0.0 810.0 6027 3012
3 2 0.0 0 0.0 0.0 6035 0
4 1 0.0 0 0.0 0.0 6027 0
4 2 0.267874794069 0 0.0 813.0 6035 2995
5 1 0.268582755203 0 0.0 813.0 6027 3000
5 2 0.0 0 0.0 0.0 6035 0
6 1 0.0 0 0.0 0.0 6027 0
6 2 0.268863261944 0 0.0 816.0 6035 2998
{1: 0.2745292368681863, 2: 0.2741350906095552, 3: 0.267591674925669, 4: 0.26787479406919273, 5: 0.26858275520317143, 6: 0.2688632619439868} {1: 0, 2: 0, 3: 0, 4: 0, 5: 0, 6: 0}
0.26 3000 0.539985078935
./new_config_single/with_0.1_coupling/Test_config(70%)/test_config0.27.txt
{1: set([1]), 2: set([2]), 3: set([1]), 4: set([2]), 5: set([1]), 6: set([2])}
1 1 0.270424319189 0 0.0 854.0 6158 3095
1 2 0.0 0 0.0 0.0 6146 0
2 1 0.0 0 0.0 0.0 6158 0
2 2 0.269548633185 0 0.0 848.0 6146 3094
3 1 0.271057631412 0 0.0 856.0 6158 3120
3 2 0.0 0 0.0 0.0 6146 0
4 1 0.0 0 0.0 0.0 6158 0
4 2 0.272409408773 0 0.0 857.0 6146 3124
5 1 0.271057631412 0 0.0 856.0 6158 3101
5 2 0.0 0 0.0 0.0 6146 0
6 1 0.0 0 0.0 0.0 6158 0
6 2 0.269548633185 0 0.0 848.0 6146 3074
{1: 0.27042431918936033, 2: 0.26954863318499683, 3: 0.2710576314122863, 4: 0.27240940877304515, 5: 0.2710576314122863, 6: 0.26954863318499683} {1: 0, 2: 0, 3: 0, 4: 0, 5: 0, 6: 0}
0.27 3000 0.540807403633
./new_config_single/with_0.1_coupling/Test_config(70%)/test_config0.28.txt
{1: set([1]), 2: set([2]), 3: set([1]), 4: set([2]), 5: set([1]), 6: set([2])}
1 1 0.26849568434 0 0.0 871.0 6244 3146
1 2 0.0 0 0.0 0.0 6276 0
2 1 0.0 0 0.0 0.0 6244 0
2 2 0.268925518926 0 0.0 881.0 6276 3181
3 1 0.271578298397 0 0.0 881.0 6244 3165
3 2 0.0 0 0.0 0.0 6276 0
4 1 0.0 0 0.0 0.0 6244 0
4 2 0.272283272283 0 0.0 892.0 6276 3197
5 1 0.270961775586 0 0.0 879.0 6244 3177
5 2 0.0 0 0.0 0.0 6276 0
6 1 0.0 0 0.0 0.0 6244 0
6 2 0.270757020757 0 0.0 887.0 6276 3174
{1: 0.2684956843403206, 2: 0.2689255189255189, 3: 0.2715782983970407, 4: 0.27228327228327226, 5: 0.2709617755856967, 6: 0.27075702075702074} {1: 0, 2: 0, 3: 0, 4: 0, 5: 0, 6: 0}
0.28 3000 0.540459522906
./new_config_single/with_0.1_coupling/Test_config(70%)/test_config0.29.txt
{1: set([1]), 2: set([2]), 3: set([1]), 4: set([2]), 5: set([1]), 6: set([2])}
1 1 0.269642857143 0 0.0 906.0 6360 3251
1 2 0.0 0 0.0 0.0 6351 0
2 1 0.0 0 0.0 0.0 6360 0
2 2 0.268874962698 0 0.0 901.0 6351 3233
3 1 0.268154761905 0 0.0 901.0 6360 3225
3 2 0.0 0 0.0 0.0 6351 0
4 1 0.0 0 0.0 0.0 6360 0
4 2 0.267084452402 0 0.0 895.0 6351 3217
5 1 0.271428571429 0 0.0 912.0 6360 3244
5 2 0.0 0 0.0 0.0 6351 0
6 1 0.0 0 0.0 0.0 6360 0
6 2 0.273948075201 0 0.0 918.0 6351 3252
{1: 0.26964285714285713, 2: 0.26887496269770217, 3: 0.2681547619047619, 4: 0.26708445240226797, 5: 0.2714285714285714, 6: 0.2739480752014324} {1: 0, 2: 0, 3: 0, 4: 0, 5: 0, 6: 0}
0.29 3000 0.539171515699
./new_config_single/with_0.1_coupling/Test_config(70%)/test_config0.3.txt
{1: set([1]), 2: set([2]), 3: set([1]), 4: set([2]), 5: set([1]), 6: set([2])}
1 1 0.26964028777 0 0.0 937.0 6475 3320
1 2 0.0 0 0.0 0.0 6489 0
2 1 0.0 0 0.0 0.0 6475 0
2 2 0.270278016624 0 0.0 943.0 6489 3322
3 1 0.269928057554 0 0.0 938.0 6475 3312
3 2 0.0 0 0.0 0.0 6489 0
4 1 0.0 0 0.0 0.0 6475 0
4 2 0.2705646317 0 0.0 944.0 6489 3321
5 1 0.270215827338 0 0.0 939.0 6475 3318
5 2 0.0 0 0.0 0.0 6489 0
6 1 0.0 0 0.0 0.0 6475 0
6 2 0.271424476927 0 0.0 947.0 6489 3335
{1: 0.26964028776978416, 2: 0.2702780166236744, 3: 0.2699280575539568, 4: 0.2705646316996274, 5: 0.2702158273381295, 6: 0.2714244769274864} {1: 0, 2: 0, 3: 0, 4: 0, 5: 0, 6: 0}
0.3 3000 0.540143082205
./new_config_single/with_0.1_coupling/Test_config(70%)/test_config0.31.txt
{1: set([1]), 2: set([2]), 3: set([1]), 4: set([2]), 5: set([1]), 6: set([2])}
1 1 0.270459641256 0 0.0 965.0 6568 3370
1 2 0.0 0 0.0 0.0 6589 0
2 1 0.0 0 0.0 0.0 6568 0
2 2 0.271942045138 0 0.0 976.0 6589 3427
3 1 0.267656950673 0 0.0 955.0 6568 3363
3 2 0.0 0 0.0 0.0 6589 0
4 1 0.0 0 0.0 0.0 6568 0
4 2 0.268041237113 0 0.0 962.0 6589 3370
5 1 0.272141255605 0 0.0 971.0 6568 3403
5 2 0.0 0 0.0 0.0 6589 0
6 1 0.0 0 0.0 0.0 6568 0
6 2 0.270827528559 0 0.0 972.0 6589 3381
{1: 0.2704596412556054, 2: 0.2719420451379214, 3: 0.2676569506726457, 4: 0.26804123711340205, 5: 0.27214125560538116, 6: 0.27082752855948733} {1: 0, 2: 0, 3: 0, 4: 0, 5: 0, 6: 0}
0.31 3000 0.539815863229
./new_config_single/with_0.1_coupling/Test_config(70%)/test_config0.32.txt
{1: set([1]), 2: set([2]), 3: set([1]), 4: set([2]), 5: set([1]), 6: set([2])}
1 1 0.270219096565 0 0.0 999.0 6697 3454
1 2 0.0 0 0.0 0.0 6681 0
2 1 0.0 0 0.0 0.0 6697 0
2 2 0.266503667482 0 0.0 981.0 6681 3435
3 1 0.270489586151 0 0.0 1000.0 6697 3464
3 2 0.0 0 0.0 0.0 6681 0
4 1 0.0 0 0.0 0.0 6697 0
4 2 0.269491985873 0 0.0 992.0 6681 3447
5 1 0.268866648634 0 0.0 994.0 6697 3476
5 2 0.0 0 0.0 0.0 6681 0
6 1 0.0 0 0.0 0.0 6697 0
6 2 0.272480304265 0 0.0 1003.0 6681 3480
{1: 0.27021909656478227, 2: 0.2665036674816626, 3: 0.2704895861509332, 4: 0.26949198587340395, 5: 0.2688666486340276, 6: 0.27248030426514536} {1: 0, 2: 0, 3: 0, 4: 0, 5: 0, 6: 0}
0.32 3000 0.538811079227
./new_config_single/with_0.1_coupling/Test_config(70%)/test_config0.33.txt
{1: set([1]), 2: set([2]), 3: set([1]), 4: set([2]), 5: set([1]), 6: set([2])}
1 1 0.27133825079 0 0.0 1030.0 6796 3535
1 2 0.0 0 0.0 0.0 6784 0
2 1 0.0 0 0.0 0.0 6796 0
2 2 0.271141649049 0 0.0 1026.0 6784 3546
3 1 0.269230769231 0 0.0 1022.0 6796 3522
3 2 0.0 0 0.0 0.0 6784 0
4 1 0.0 0 0.0 0.0 6796 0
4 2 0.26955602537 0 0.0 1020.0 6784 3501
5 1 0.269494204426 0 0.0 1023.0 6796 3535
5 2 0.0 0 0.0 0.0 6784 0
6 1 0.0 0 0.0 0.0 6796 0
6 2 0.269291754757 0 0.0 1019.0 6784 3521
{1: 0.2713382507903056, 2: 0.2711416490486258, 3: 0.2692307692307692, 4: 0.26955602536997886, 5: 0.26949420442571126, 6: 0.26929175475687106} {1: 0, 2: 0, 3: 0, 4: 0, 5: 0, 6: 0}
0.33 3000 0.539477533656
./new_config_single/with_0.1_coupling/Test_config(70%)/test_config0.34.txt
{1: set([1]), 2: set([2]), 3: set([1]), 4: set([2]), 5: set([1]), 6: set([2])}
1 1 0.268204197979 0 0.0 1035.0 6859 3586
1 2 0.0 0 0.0 0.0 6859 0
2 1 0.0 0 0.0 0.0 6859 0
2 2 0.268981601451 0 0.0 1038.0 6859 3599
3 1 0.269499870433 0 0.0 1040.0 6859 3556
3 2 0.0 0 0.0 0.0 6859 0
4 1 0.0 0 0.0 0.0 6859 0
4 2 0.267685928997 0 0.0 1033.0 6859 3550
5 1 0.270018139414 0 0.0 1042.0 6859 3576
5 2 0.0 0 0.0 0.0 6859 0
6 1 0.0 0 0.0 0.0 6859 0
6 2 0.269499870433 0 0.0 1040.0 6859 3569
{1: 0.26820419797875095, 2: 0.26898160145115313, 3: 0.2694998704327546, 4: 0.26768592899714955, 5: 0.27001813941435604, 6: 0.2694998704327546} {1: 0, 2: 0, 3: 0, 4: 0, 5: 0, 6: 0}
0.34 3000 0.537425239699
./new_config_single/with_0.1_coupling/Test_config(70%)/test_config0.35.txt
{1: set([1]), 2: set([2]), 3: set([1]), 4: set([2]), 5: set([1]), 6: set([2])}
1 1 0.265051211591 0 0.0 1061.0 7003 3635
1 2 0.0 0 0.0 0.0 7010 0
2 1 0.0 0 0.0 0.0 7003 0
2 2 0.267581047382 0 0.0 1073.0 7010 3668
3 1 0.271046714964 0 0.0 1085.0 7003 3685
3 2 0.0 0 0.0 0.0 7010 0
4 1 0.0 0 0.0 0.0 7003 0
4 2 0.270324189526 0 0.0 1084.0 7010 3690
5 1 0.272295778166 0 0.0 1090.0 7003 3686
5 2 0.0 0 0.0 0.0 7010 0
6 1 0.0 0 0.0 0.0 7003 0
6 2 0.270324189526 0 0.0 1084.0 7010 3662
{1: 0.2650512115913065, 2: 0.26758104738154614, 3: 0.2710467149637772, 4: 0.27032418952618453, 5: 0.27229577816637524, 6: 0.27032418952618453} {1: 0, 2: 0, 3: 0, 4: 0, 5: 0, 6: 0}
0.35 3000 0.538335502675
./new_config_single/with_0.1_coupling/Test_config(70%)/test_config0.36.txt
{1: set([1]), 2: set([2]), 3: set([1]), 4: set([2]), 5: set([1]), 6: set([2])}
1 1 0.267419038273 0 0.0 1090.0 7076 3699
1 2 0.0 0 0.0 0.0 7098 0
2 1 0.0 0 0.0 0.0 7076 0
2 2 0.2691556857 0 0.0 1103.0 7098 3723
3 1 0.269381746811 0 0.0 1098.0 7076 3724
3 2 0.0 0 0.0 0.0 7098 0
4 1 0.0 0 0.0 0.0 7076 0
4 2 0.267447535383 0 0.0 1096.0 7098 3710
5 1 0.269872423945 0 0.0 1100.0 7076 3729
5 2 0.0 0 0.0 0.0 7098 0
6 1 0.0 0 0.0 0.0 7076 0
6 2 0.271595900439 0 0.0 1113.0 7098 3763
{1: 0.2674190382728165, 2: 0.26915568570034165, 3: 0.2693817468105986, 4: 0.2674475353831137, 5: 0.2698724239450442, 6: 0.27159590043923865} {1: 0, 2: 0, 3: 0, 4: 0, 5: 0, 6: 0}
0.36 3000 0.537752486074
./new_config_single/with_0.1_coupling/Test_config(70%)/test_config0.37.txt
{1: set([1]), 2: set([2]), 3: set([1]), 4: set([2]), 5: set([1]), 6: set([2])}
1 1 0.270443232994 0 0.0 1141.0 7219 3831
1 2 0.0 0 0.0 0.0 7199 0
2 1 0.0 0 0.0 0.0 7219 0
2 2 0.268635389378 0 0.0 1128.0 7199 3791
3 1 0.269258118037 0 0.0 1136.0 7219 3806
3 2 0.0 0 0.0 0.0 7199 0
4 1 0.0 0 0.0 0.0 7219 0
4 2 0.26911169326 0 0.0 1130.0 7199 3802
5 1 0.266887888125 0 0.0 1126.0 7219 3801
5 2 0.0 0 0.0 0.0 7199 0
6 1 0.0 0 0.0 0.0 7219 0
6 2 0.268873541319 0 0.0 1129.0 7199 3805
{1: 0.2704432329936004, 2: 0.26863538937842346, 3: 0.26925811803744965, 4: 0.26911169326030004, 5: 0.26688788812514813, 6: 0.26887354131936175} {1: 0, 2: 0, 3: 0, 4: 0, 5: 0, 6: 0}
0.37 3000 0.537198884417
./new_config_single/with_0.1_coupling/Test_config(70%)/test_config0.38.txt
{1: set([1]), 2: set([2]), 3: set([1]), 4: set([2]), 5: set([1]), 6: set([2])}
1 1 0.269159741459 0 0.0 1166.0 7332 3878
1 2 0.0 0 0.0 0.0 7294 0
2 1 0.0 0 0.0 0.0 7332 0
2 2 0.265020959478 0 0.0 1138.0 7294 3848
3 1 0.267082179132 0 0.0 1157.0 7332 3866
3 2 0.0 0 0.0 0.0 7294 0
4 1 0.0 0 0.0 0.0 7332 0
4 2 0.267349790405 0 0.0 1148.0 7294 3854
5 1 0.270775623269 0 0.0 1173.0 7332 3920
5 2 0.0 0 0.0 0.0 7294 0
6 1 0.0 0 0.0 0.0 7332 0
6 2 0.27293898463 0 0.0 1172.0 7294 3886
{1: 0.2691597414589104, 2: 0.26502095947834187, 3: 0.26708217913204063, 4: 0.26734979040521656, 5: 0.2707756232686981, 6: 0.2729389846297159} {1: 0, 2: 0, 3: 0, 4: 0, 5: 0, 6: 0}
0.38 3000 0.536904983698
./new_config_single/with_0.1_coupling/Test_config(70%)/test_config0.39.txt
{1: set([1]), 2: set([2]), 3: set([1]), 4: set([2]), 5: set([1]), 6: set([2])}
1 1 0.26818700114 0 0.0 1176.0 7385 3910
1 2 0.0 0 0.0 0.0 7418 0
2 1 0.0 0 0.0 0.0 7385 0
2 2 0.266410140335 0 0.0 1177.0 7418 3928
3 1 0.266362599772 0 0.0 1168.0 7385 3919
3 2 0.0 0 0.0 0.0 7418 0
4 1 0.0 0 0.0 0.0 7385 0
4 2 0.269805341784 0 0.0 1192.0 7418 3962
5 1 0.270923603193 0 0.0 1188.0 7385 3941
5 2 0.0 0 0.0 0.0 7418 0
6 1 0.0 0 0.0 0.0 7385 0
6 2 0.271842462653 0 0.0 1201.0 7418 3946
{1: 0.26818700114025085, 2: 0.2664101403349932, 3: 0.2663625997719498, 4: 0.2698053417836125, 5: 0.27092360319270237, 6: 0.27184246265278406} {1: 0, 2: 0, 3: 0, 4: 0, 5: 0, 6: 0}
0.39 3000 0.537305872576
./new_config_single/with_0.1_coupling/Test_config(70%)/test_config0.4.txt
{1: set([1]), 2: set([2]), 3: set([1]), 4: set([2]), 5: set([1]), 6: set([2])}
1 1 0.272322422623 0 0.0 1223.0 7491 4050
1 2 0.0 0 0.0 0.0 7518 0
2 1 0.0 0 0.0 0.0 7491 0
2 2 0.272023019035 0 0.0 1229.0 7518 4047
3 1 0.27254509018 0 0.0 1224.0 7491 4032
3 2 0.0 0 0.0 0.0 7518 0
4 1 0.0 0 0.0 0.0 7491 0
4 2 0.266710934042 0 0.0 1205.0 7518 4000
5 1 0.259630371855 0 0.0 1166.0 7491 3900
5 2 0.0 0 0.0 0.0 7518 0
6 1 0.0 0 0.0 0.0 7491 0
6 2 0.266489597167 0 0.0 1204.0 7518 3989
{1: 0.2723224226230238, 2: 0.2720230190349712, 3: 0.2725450901803607, 4: 0.26671093404161134, 5: 0.25963037185482074, 6: 0.266489597166888} {1: 0, 2: 0, 3: 0, 4: 0, 5: 0, 6: 0}
0.4 3000 0.536037237822
./new_config_single/with_0.1_coupling/Test_config(70%)/test_config0.41.txt
{1: set([1]), 2: set([2]), 3: set([1]), 4: set([2]), 5: set([1]), 6: set([2])}
1 1 0.270614035088 0 0.0 1234.0 7560 4071
1 2 0.0 0 0.0 0.0 7634 0
2 1 0.0 0 0.0 0.0 7560 0
2 2 0.266292619767 0 0.0 1234.0 7634 4088
3 1 0.265570175439 0 0.0 1211.0 7560 4000
3 2 0.0 0 0.0 0.0 7634 0
4 1 0.0 0 0.0 0.0 7560 0
4 2 0.271687526975 0 0.0 1259.0 7634 4129
5 1 0.266885964912 0 0.0 1217.0 7560 4049
5 2 0.0 0 0.0 0.0 7634 0
6 1 0.0 0 0.0 0.0 7560 0
6 2 0.26715580492 0 0.0 1238.0 7634 4051
{1: 0.2706140350877193, 2: 0.26629261976694, 3: 0.2655701754385965, 4: 0.271687526974536, 5: 0.2668859649122807, 6: 0.2671558049201554} {1: 0, 2: 0, 3: 0, 4: 0, 5: 0, 6: 0}
0.41 3000 0.535532640324
./new_config_single/with_0.1_coupling/Test_config(70%)/test_config0.42.txt
{1: set([1]), 2: set([2]), 3: set([1]), 4: set([2]), 5: set([1]), 6: set([2])}
1 1 0.269214527027 0 0.0 1275.0 7736 4155
1 2 0.0 0 0.0 0.0 7732 0
2 1 0.0 0 0.0 0.0 7736 0
2 2 0.267328825021 0 0.0 1265.0 7732 4155
3 1 0.267314189189 0 0.0 1266.0 7736 4143
3 2 0.0 0 0.0 0.0 7732 0
4 1 0.0 0 0.0 0.0 7736 0
4 2 0.26775147929 0 0.0 1267.0 7732 4146
5 1 0.269847972973 0 0.0 1278.0 7736 4174
5 2 0.0 0 0.0 0.0 7732 0
6 1 0.0 0 0.0 0.0 7736 0
6 2 0.27113271344 0 0.0 1283.0 7732 4163
{1: 0.26921452702702703, 2: 0.2673288250211327, 3: 0.2673141891891892, 4: 0.2677514792899408, 5: 0.26984797297297297, 6: 0.27113271344040574} {1: 0, 2: 0, 3: 0, 4: 0, 5: 0, 6: 0}
0.42 3000 0.536992372411
./new_config_single/with_0.1_coupling/Test_config(70%)/test_config0.43.txt
{1: set([1]), 2: set([2]), 3: set([1]), 4: set([2]), 5: set([1]), 6: set([2])}
1 1 0.264040234702 0 0.0 1260.0 7772 4165
1 2 0.0 0 0.0 0.0 7821 0
2 1 0.0 0 0.0 0.0 7772 0
2 2 0.269446172993 0 0.0 1299.0 7821 4221
3 1 0.269907795474 0 0.0 1288.0 7772 4196
3 2 0.0 0 0.0 0.0 7821 0
4 1 0.0 0 0.0 0.0 7772 0
4 2 0.265297656088 0 0.0 1279.0 7821 4193
5 1 0.26948868399 0 0.0 1286.0 7772 4183
5 2 0.0 0 0.0 0.0 7821 0
6 1 0.0 0 0.0 0.0 7772 0
6 2 0.269861024684 0 0.0 1301.0 7821 4228
{1: 0.2640402347024308, 2: 0.26944617299315493, 3: 0.269907795473596, 4: 0.2652976560879486, 5: 0.2694886839899413, 6: 0.26986102468367557} {1: 0, 2: 0, 3: 0, 4: 0, 5: 0, 6: 0}
0.43 3000 0.535477842121
./new_config_single/with_0.1_coupling/Test_config(70%)/test_config0.44.txt
{1: set([1]), 2: set([2]), 3: set([1]), 4: set([2]), 5: set([1]), 6: set([2])}
1 1 0.272375127421 0 0.0 1336.0 7905 4314
1 2 0.0 0 0.0 0.0 7902 0
2 1 0.0 0 0.0 0.0 7905 0
2 2 0.264993880049 0 0.0 1299.0 7902 4244
3 1 0.267074413863 0 0.0 1310.0 7905 4246
3 2 0.0 0 0.0 0.0 7902 0
4 1 0.0 0 0.0 0.0 7905 0
4 2 0.270705834353 0 0.0 1327.0 7902 4292
5 1 0.265647298675 0 0.0 1303.0 7905 4250
5 2 0.0 0 0.0 0.0 7902 0
6 1 0.0 0 0.0 0.0 7905 0
6 2 0.268461852305 0 0.0 1316.0 7902 4268
{1: 0.272375127420999, 2: 0.26499388004895963, 3: 0.2670744138634047, 4: 0.2707058343533252, 5: 0.2656472986748216, 6: 0.26846185230518155} {1: 0, 2: 0, 3: 0, 4: 0, 5: 0, 6: 0}
0.44 3000 0.53588304942
./new_config_single/with_0.1_coupling/Test_config(70%)/test_config0.45.txt
{1: set([1]), 2: set([2]), 3: set([1]), 4: set([2]), 5: set([1]), 6: set([2])}
1 1 0.268229166667 0 0.0 1339.0 7992 4340
1 2 0.0 0 0.0 0.0 7992 0
2 1 0.0 0 0.0 0.0 7992 0
2 2 0.269631410256 0 0.0 1346.0 7992 4340
3 1 0.268629807692 0 0.0 1341.0 7992 4333
3 2 0.0 0 0.0 0.0 7992 0
4 1 0.0 0 0.0 0.0 7992 0
4 2 0.264022435897 0 0.0 1318.0 7992 4279
5 1 0.265224358974 0 0.0 1324.0 7992 4311
5 2 0.0 0 0.0 0.0 7992 0
6 1 0.0 0 0.0 0.0 7992 0
6 2 0.270232371795 0 0.0 1349.0 7992 4365
{1: 0.2682291666666667, 2: 0.26963141025641024, 3: 0.2686298076923077, 4: 0.2640224358974359, 5: 0.265224358974359, 6: 0.2702323717948718} {1: 0, 2: 0, 3: 0, 4: 0, 5: 0, 6: 0}
0.45 3000 0.534787860577
./new_config_single/with_0.1_coupling/Test_config(70%)/test_config0.46.txt
{1: set([1]), 2: set([2]), 3: set([1]), 4: set([2]), 5: set([1]), 6: set([2])}
1 1 0.267489711934 0 0.0 1365.0 8103 4388
1 2 0.0 0 0.0 0.0 8095 0
2 1 0.0 0 0.0 0.0 8103 0
2 2 0.267320902846 0 0.0 1362.0 8095 4410
3 1 0.267293748775 0 0.0 1364.0 8103 4408
3 2 0.0 0 0.0 0.0 8095 0
4 1 0.0 0 0.0 0.0 8103 0
4 2 0.267713444553 0 0.0 1364.0 8095 4427
5 1 0.26827356457 0 0.0 1369.0 8103 4410
5 2 0.0 0 0.0 0.0 8095 0
6 1 0.0 0 0.0 0.0 8103 0
6 2 0.267320902846 0 0.0 1362.0 8095 4353
{1: 0.2674897119341564, 2: 0.26732090284592736, 3: 0.26729374877523027, 4: 0.2677134445534838, 5: 0.26827356456986085, 6: 0.26732090284592736} {1: 0, 2: 0, 3: 0, 4: 0, 5: 0, 6: 0}
0.46 3000 0.53460228775
./new_config_single/with_0.1_coupling/Test_config(70%)/test_config0.47.txt
{1: set([1]), 2: set([2]), 3: set([1]), 4: set([2]), 5: set([1]), 6: set([2])}
1 1 0.26639892905 0 0.0 1393.0 8229 4460
1 2 0.0 0 0.0 0.0 8205 0
2 1 0.0 0 0.0 0.0 8229 0
2 2 0.268203650336 0 0.0 1396.0 8205 4509
3 1 0.268693822911 0 0.0 1405.0 8229 4495
3 2 0.0 0 0.0 0.0 8205 0
4 1 0.0 0 0.0 0.0 8229 0
4 2 0.266474543708 0 0.0 1387.0 8205 4461
5 1 0.269458787531 0 0.0 1409.0 8229 4503
5 2 0.0 0 0.0 0.0 8205 0
6 1 0.0 0 0.0 0.0 8229 0
6 2 0.266282420749 0 0.0 1386.0 8205 4440
{1: 0.26639892904953144, 2: 0.2682036503362152, 3: 0.2686938229106904, 4: 0.2664745437079731, 5: 0.26945878753107666, 6: 0.26628242074927955} {1: 0, 2: 0, 3: 0, 4: 0, 5: 0, 6: 0}
0.47 3000 0.534635547377
./new_config_single/with_0.1_coupling/Test_config(70%)/test_config0.48.txt
{1: set([1]), 2: set([2]), 3: set([1]), 4: set([2]), 5: set([1]), 6: set([2])}
1 1 0.265333333333 0 0.0 1393.0 8250 4511
1 2 0.0 0 0.0 0.0 8304 0
2 1 0.0 0 0.0 0.0 8250 0
2 2 0.266214177979 0 0.0 1412.0 8304 4542
3 1 0.266666666667 0 0.0 1400.0 8250 4482
3 2 0.0 0 0.0 0.0 8304 0
4 1 0.0 0 0.0 0.0 8250 0
4 2 0.268288084465 0 0.0 1423.0 8304 4551
5 1 0.268571428571 0 0.0 1410.0 8250 4507
5 2 0.0 0 0.0 0.0 8304 0
6 1 0.0 0 0.0 0.0 8250 0
6 2 0.268665158371 0 0.0 1425.0 8304 4515
{1: 0.2653333333333333, 2: 0.26621417797888386, 3: 0.26666666666666666, 4: 0.26828808446455504, 5: 0.26857142857142857, 6: 0.2686651583710407} {1: 0, 2: 0, 3: 0, 4: 0, 5: 0, 6: 0}
0.48 3000 0.534045036846
./new_config_single/with_0.1_coupling/Test_config(70%)/test_config0.49.txt
{1: set([1]), 2: set([2]), 3: set([1]), 4: set([2]), 5: set([1]), 6: set([2])}
1 1 0.264267064528 0 0.0 1417.0 8362 4546
1 2 0.0 0 0.0 0.0 8387 0
2 1 0.0 0 0.0 0.0 8362 0
2 2 0.267310191201 0 0.0 1440.0 8387 4605
3 1 0.266505035435 0 0.0 1429.0 8362 4573
3 2 0.0 0 0.0 0.0 8387 0
4 1 0.0 0 0.0 0.0 8362 0
4 2 0.267867087433 0 0.0 1443.0 8387 4602
5 1 0.270421484521 0 0.0 1450.0 8362 4605
5 2 0.0 0 0.0 0.0 8387 0
6 1 0.0 0 0.0 0.0 8362 0
6 2 0.267124559124 0 0.0 1439.0 8387 4567
{1: 0.2642670645281611, 2: 0.26731019120103955, 3: 0.26650503543453935, 4: 0.2678670874327084, 5: 0.27042148452070125, 6: 0.2671245591238166} {1: 0, 2: 0, 3: 0, 4: 0, 5: 0, 6: 0}
0.49 3000 0.533963975606
./new_config_single/with_0.1_coupling/Test_config(70%)/test_config0.5.txt
{1: set([1]), 2: set([2]), 3: set([1]), 4: set([2]), 5: set([1]), 6: set([2])}
1 1 0.267935578331 0 0.0 1464.0 8464 4658
1 2 0.0 0 0.0 0.0 8501 0
2 1 0.0 0 0.0 0.0 8464 0
2 2 0.265769860025 0 0.0 1462.0 8501 4690
3 1 0.266105417277 0 0.0 1454.0 8464 4656
3 2 0.0 0 0.0 0.0 8501 0
4 1 0.0 0 0.0 0.0 8464 0
4 2 0.268678422105 0 0.0 1478.0 8501 4661
5 1 0.264275256223 0 0.0 1444.0 8464 4614
5 2 0.0 0 0.0 0.0 8501 0
6 1 0.0 0 0.0 0.0 8464 0
6 2 0.266860570805 0 0.0 1468.0 8501 4651
{1: 0.2679355783308931, 2: 0.26576986002544994, 3: 0.2661054172767203, 4: 0.2686784221050718, 5: 0.2642752562225476, 6: 0.2668605708053081} {1: 0, 2: 0, 3: 0, 4: 0, 5: 0, 6: 0}
0.5 3000 0.532675159887
./new_config_single/with_0.1_coupling/Test_config(70%)/test_config0.51.txt
{1: set([1]), 2: set([2]), 3: set([1]), 4: set([2]), 5: set([1]), 6: set([2])}
1 1 0.267371060172 0 0.0 1493.0 8584 4689
1 2 0.0 0 0.0 0.0 8605 0
2 1 0.0 0 0.0 0.0 8584 0
2 2 0.265120428189 0 0.0 1486.0 8605 4749
3 1 0.264863896848 0 0.0 1479.0 8584 4722
3 2 0.0 0 0.0 0.0 8605 0
4 1 0.0 0 0.0 0.0 8584 0
4 2 0.266547725245 0 0.0 1494.0 8605 4704
5 1 0.268803724928 0 0.0 1501.0 8584 4757
5 2 0.0 0 0.0 0.0 8605 0
6 1 0.0 0 0.0 0.0 8584 0
6 2 0.26868867083 0 0.0 1506.0 8605 4757
{1: 0.26737106017191975, 2: 0.26512042818911685, 3: 0.26486389684813755, 4: 0.26654772524531667, 5: 0.26880372492836674, 6: 0.2686886708296164} {1: 0, 2: 0, 3: 0, 4: 0, 5: 0, 6: 0}
0.51 3000 0.533264703569
./new_config_single/with_0.1_coupling/Test_config(70%)/test_config0.52.txt
{1: set([1]), 2: set([2]), 3: set([1]), 4: set([2]), 5: set([1]), 6: set([2])}
1 1 0.26552086987 0 0.0 1514.0 8702 4785
1 2 0.0 0 0.0 0.0 8633 0
2 1 0.0 0 0.0 0.0 8702 0
2 2 0.268418249601 0 0.0 1512.0 8633 4773
3 1 0.270080673448 0 0.0 1540.0 8702 4836
3 2 0.0 0 0.0 0.0 8633 0
4 1 0.0 0 0.0 0.0 8702 0
4 2 0.26575537014 0 0.0 1497.0 8633 4742
5 1 0.26534549281 0 0.0 1513.0 8702 4783
5 2 0.0 0 0.0 0.0 8633 0
6 1 0.0 0 0.0 0.0 8702 0
6 2 0.26575537014 0 0.0 1497.0 8633 4751
{1: 0.265520869870221, 2: 0.2684182496005681, 3: 0.27008067344791303, 4: 0.265755370140245, 5: 0.2653454928095405, 6: 0.265755370140245} {1: 0, 2: 0, 3: 0, 4: 0, 5: 0, 6: 0}
0.52 3000 0.533091716661
./new_config_single/with_0.1_coupling/Test_config(70%)/test_config0.53.txt
{1: set([1]), 2: set([2]), 3: set([1]), 4: set([2]), 5: set([1]), 6: set([2])}
1 1 0.265405311578 0 0.0 1529.0 8761 4825
1 2 0.0 0 0.0 0.0 8767 0
2 1 0.0 0 0.0 0.0 8761 0
2 2 0.268943991677 0 0.0 1551.0 8767 4883
3 1 0.266446797431 0 0.0 1535.0 8761 4855
3 2 0.0 0 0.0 0.0 8767 0
4 1 0.0 0 0.0 0.0 8761 0
4 2 0.266863187099 0 0.0 1539.0 8767 4858
5 1 0.266620378407 0 0.0 1536.0 8761 4842
5 2 0.0 0 0.0 0.0 8767 0
6 1 0.0 0 0.0 0.0 8761 0
6 2 0.262874978325 0 0.0 1516.0 8767 4793
{1: 0.2654053115778511, 2: 0.2689439916767817, 3: 0.2664467974310016, 4: 0.26686318709901163, 5: 0.26662037840652664, 6: 0.2628749783249523} {1: 0, 2: 0, 3: 0, 4: 0, 5: 0, 6: 0}
0.53 3000 0.531852496624
./new_config_single/with_0.1_coupling/Test_config(70%)/test_config0.54.txt
{1: set([1]), 2: set([2]), 3: set([1]), 4: set([2]), 5: set([1]), 6: set([2])}
1 1 0.266768811713 0 0.0 1567.0 8874 4914
1 2 0.0 0 0.0 0.0 8847 0
2 1 0.0 0 0.0 0.0 8874 0
2 2 0.266974516846 0 0.0 1561.0 8847 4903
3 1 0.265917602996 0 0.0 1562.0 8874 4915
3 2 0.0 0 0.0 0.0 8847 0
4 1 0.0 0 0.0 0.0 8874 0
4 2 0.263040875663 0 0.0 1538.0 8847 4852
5 1 0.267279536942 0 0.0 1570.0 8874 4919
5 2 0.0 0 0.0 0.0 8847 0
6 1 0.0 0 0.0 0.0 8874 0
6 2 0.269539935009 0 0.0 1576.0 8847 4939
{1: 0.26676881171263195, 2: 0.26697451684624596, 3: 0.26591760299625467, 4: 0.26304087566273304, 5: 0.2672795369424583, 6: 0.26953993500940654} {1: 0, 2: 0, 3: 0, 4: 0, 5: 0, 6: 0}
0.54 3000 0.532640585964
./new_config_single/with_0.1_coupling/Test_config(70%)/test_config0.55.txt
{1: set([1]), 2: set([2]), 3: set([1]), 4: set([2]), 5: set([1]), 6: set([2])}
1 1 0.268371147985 0 0.0 1585.0 8906 4964
1 2 0.0 0 0.0 0.0 8977 0
2 1 0.0 0 0.0 0.0 8906 0
2 2 0.26618705036 0 0.0 1591.0 8977 5000
3 1 0.261598374534 0 0.0 1545.0 8906 4905
3 2 0.0 0 0.0 0.0 8977 0
4 1 0.0 0 0.0 0.0 8906 0
4 2 0.264848586247 0 0.0 1583.0 8977 4965
5 1 0.267524551304 0 0.0 1580.0 8906 4943
5 2 0.0 0 0.0 0.0 8977 0
6 1 0.0 0 0.0 0.0 8906 0
6 2 0.268027438514 0 0.0 1602.0 8977 4989
{1: 0.2683711479850999, 2: 0.26618705035971224, 3: 0.26159837453437185, 4: 0.26484858624728125, 5: 0.2675245513037589, 6: 0.2680274385143048} {1: 0, 2: 0, 3: 0, 4: 0, 5: 0, 6: 0}
0.55 3000 0.531653530599
./new_config_single/with_0.1_coupling/Test_config(70%)/test_config0.56.txt
{1: set([1]), 2: set([2]), 3: set([1]), 4: set([2]), 5: set([1]), 6: set([2])}
1 1 0.267584605176 0 0.0 1613.0 9028 5047
1 2 0.0 0 0.0 0.0 9031 0
2 1 0.0 0 0.0 0.0 9028 0
2 2 0.267119880617 0 0.0 1611.0 9031 5039
3 1 0.264598540146 0 0.0 1595.0 9028 4989
3 2 0.0 0 0.0 0.0 9031 0
4 1 0.0 0 0.0 0.0 9028 0
4 2 0.26645664069 0 0.0 1607.0 9031 5014
5 1 0.266589250166 0 0.0 1607.0 9028 5020
5 2 0.0 0 0.0 0.0 9031 0
6 1 0.0 0 0.0 0.0 9028 0
6 2 0.265130160836 0 0.0 1599.0 9031 5009
{1: 0.26758460517584604, 2: 0.26711988061681313, 3: 0.2645985401459854, 4: 0.26645664068976954, 5: 0.2665892501658925, 6: 0.2651301608356823} {1: 0, 2: 0, 3: 0, 4: 0, 5: 0, 6: 0}
0.56 3000 0.531960532851
./new_config_single/with_0.1_coupling/Test_config(70%)/test_config0.57.txt
{1: set([1]), 2: set([2]), 3: set([1]), 4: set([2]), 5: set([1]), 6: set([2])}
1 1 0.263723733507 0 0.0 1619.0 9139 5069
1 2 0.0 0 0.0 0.0 9152 0
2 1 0.0 0 0.0 0.0 9139 0
2 2 0.263979193758 0 0.0 1624.0 9152 5085
3 1 0.26551555628 0 0.0 1630.0 9139 5094
3 2 0.0 0 0.0 0.0 9152 0
4 1 0.0 0 0.0 0.0 9139 0
4 2 0.269505851756 0 0.0 1658.0 9152 5131
5 1 0.267633165011 0 0.0 1643.0 9139 5115
5 2 0.0 0 0.0 0.0 9152 0
6 1 0.0 0 0.0 0.0 9139 0
6 2 0.263816644993 0 0.0 1623.0 9152 5088
{1: 0.26372373350708583, 2: 0.26397919375812745, 3: 0.26551555627952433, 4: 0.26950585175552666, 5: 0.26763316501058804, 6: 0.26381664499349805} {1: 0, 2: 0, 3: 0, 4: 0, 5: 0, 6: 0}
0.57 3000 0.530859990386
./new_config_single/with_0.1_coupling/Test_config(70%)/test_config0.58.txt
{1: set([1]), 2: set([2]), 3: set([1]), 4: set([2]), 5: set([1]), 6: set([2])}
1 1 0.265824808184 0 0.0 1663.0 9256 5185
1 2 0.0 0 0.0 0.0 9181 0
2 1 0.0 0 0.0 0.0 9256 0
2 2 0.262093512377 0 0.0 1620.0 9181 5094
3 1 0.266304347826 0 0.0 1666.0 9256 5188
3 2 0.0 0 0.0 0.0 9181 0
4 1 0.0 0 0.0 0.0 9256 0
4 2 0.270021032195 0 0.0 1669.0 9181 5167
5 1 0.265664961637 0 0.0 1662.0 9256 5139
5 2 0.0 0 0.0 0.0 9181 0
6 1 0.0 0 0.0 0.0 9256 0
6 2 0.264358518039 0 0.0 1634.0 9181 5101
{1: 0.2658248081841432, 2: 0.2620935123766381, 3: 0.266304347826087, 4: 0.2700210321954376, 5: 0.2656649616368286, 6: 0.2643585180391522} {1: 0, 2: 0, 3: 0, 4: 0, 5: 0, 6: 0}
0.58 3000 0.530890971026
./new_config_single/with_0.1_coupling/Test_config(70%)/test_config0.59.txt
{1: set([1]), 2: set([2]), 3: set([1]), 4: set([2]), 5: set([1]), 6: set([2])}
1 1 0.263547574039 0 0.0 1673.0 9348 5186
1 2 0.0 0 0.0 0.0 9318 0
2 1 0.0 0 0.0 0.0 9348 0
2 2 0.265432098765 0 0.0 1677.0 9318 5193
3 1 0.269218651544 0 0.0 1709.0 9348 5282
3 2 0.0 0 0.0 0.0 9318 0
4 1 0.0 0 0.0 0.0 9348 0
4 2 0.263849319405 0 0.0 1667.0 9318 5232
5 1 0.265910522999 0 0.0 1688.0 9348 5228
5 2 0.0 0 0.0 0.0 9318 0
6 1 0.0 0 0.0 0.0 9348 0
6 2 0.267014878126 0 0.0 1687.0 9318 5211
{1: 0.2635475740390674, 2: 0.2654320987654321, 3: 0.2692186515437933, 4: 0.26384931940487494, 5: 0.2659105229993699, 6: 0.26701487812598923} {1: 0, 2: 0, 3: 0, 4: 0, 5: 0, 6: 0}
0.59 3000 0.531126023945
./new_config_single/with_0.1_coupling/Test_config(70%)/test_config0.6.txt
{1: set([1]), 2: set([2]), 3: set([1]), 4: set([2]), 5: set([1]), 6: set([2])}
1 1 0.265331470269 0 0.0 1709.0 9441 5305
1 2 0.0 0 0.0 0.0 9404 0
2 1 0.0 0 0.0 0.0 9441 0
2 2 0.26842598376 0 0.0 1719.0 9404 5301
3 1 0.264399937898 0 0.0 1703.0 9441 5270
3 2 0.0 0 0.0 0.0 9404 0
4 1 0.0 0 0.0 0.0 9441 0
4 2 0.265615240475 0 0.0 1701.0 9404 5277
5 1 0.266728768825 0 0.0 1718.0 9441 5307
5 2 0.0 0 0.0 0.0 9404 0
6 1 0.0 0 0.0 0.0 9441 0
6 2 0.261399125547 0 0.0 1674.0 9404 5230
{1: 0.26533147026859183, 2: 0.2684259837601499, 3: 0.26439993789784194, 4: 0.2656152404747033, 5: 0.26672876882471663, 6: 0.26139912554653344} {1: 0, 2: 0, 3: 0, 4: 0, 5: 0, 6: 0}
0.6 3000 0.530102875415
./new_config_single/with_0.1_coupling/Test_config(70%)/test_config0.61.txt
{1: set([1]), 2: set([2]), 3: set([1]), 4: set([2]), 5: set([1]), 6: set([2])}
1 1 0.268640687327 0 0.0 1751.0 9518 5372
1 2 0.0 0 0.0 0.0 9479 0
2 1 0.0 0 0.0 0.0 9518 0
2 2 0.266090446056 0 0.0 1724.0 9479 5333
3 1 0.264498312366 0 0.0 1724.0 9518 5328
3 2 0.0 0 0.0 0.0 9479 0
4 1 0.0 0 0.0 0.0 9518 0
4 2 0.265627411638 0 0.0 1721.0 9479 5330
5 1 0.263577784597 0 0.0 1718.0 9518 5336
5 2 0.0 0 0.0 0.0 9479 0
6 1 0.0 0 0.0 0.0 9518 0
6 2 0.263775273962 0 0.0 1709.0 9479 5295
{1: 0.26864068732740104, 2: 0.2660904460564902, 3: 0.2644983123657564, 4: 0.2656274116375984, 5: 0.263577784596502, 6: 0.26377527396203115} {1: 0, 2: 0, 3: 0, 4: 0, 5: 0, 6: 0}
0.61 3000 0.53020590201
./new_config_single/with_0.1_coupling/Test_config(70%)/test_config0.62.txt
{1: set([1]), 2: set([2]), 3: set([1]), 4: set([2]), 5: set([1]), 6: set([2])}
1 1 0.26191198786 0 0.0 1726.0 9590 5374
1 2 0.0 0 0.0 0.0 9618 0
2 1 0.0 0 0.0 0.0 9590 0
2 2 0.265488062859 0 0.0 1757.0 9618 5418
3 1 0.266767830046 0 0.0 1758.0 9590 5407
3 2 0.0 0 0.0 0.0 9618 0
4 1 0.0 0 0.0 0.0 9590 0
4 2 0.263221517075 0 0.0 1742.0 9618 5372
5 1 0.265250379363 0 0.0 1748.0 9590 5399
5 2 0.0 0 0.0 0.0 9618 0
6 1 0.0 0 0.0 0.0 9590 0
6 2 0.26624357812 0 0.0 1762.0 9618 5446
{1: 0.26191198786039455, 2: 0.2654880628588697, 3: 0.2667678300455235, 4: 0.2632215170746449, 5: 0.2652503793626707, 6: 0.26624357812027805} {1: 0, 2: 0, 3: 0, 4: 0, 5: 0, 6: 0}
0.62 3000 0.529098157322
./new_config_single/with_0.1_coupling/Test_config(70%)/test_config0.63.txt
{1: set([1]), 2: set([2]), 3: set([1]), 4: set([2]), 5: set([1]), 6: set([2])}
1 1 0.264869748532 0 0.0 1759.0 9641 5416
1 2 0.0 0 0.0 0.0 9644 0
2 1 0.0 0 0.0 0.0 9641 0
2 2 0.26700782661 0 0.0 1774.0 9644 5480
3 1 0.265020328264 0 0.0 1760.0 9641 5452
3 2 0.0 0 0.0 0.0 9644 0
4 1 0.0 0 0.0 0.0 9641 0
4 2 0.266706803131 0 0.0 1772.0 9644 5470
5 1 0.26396627014 0 0.0 1753.0 9641 5414
5 2 0.0 0 0.0 0.0 9644 0
6 1 0.0 0 0.0 0.0 9641 0
6 2 0.260535821794 0 0.0 1731.0 9644 5338
{1: 0.26486974853184764, 2: 0.2670078266104756, 3: 0.26502032826381566, 4: 0.2667068031306442, 5: 0.26396627014003915, 6: 0.26053582179409995} {1: 0, 2: 0, 3: 0, 4: 0, 5: 0, 6: 0}
0.63 3000 0.528839563891
./new_config_single/with_0.1_coupling/Test_config(70%)/test_config0.64.txt
{1: set([1]), 2: set([2]), 3: set([1]), 4: set([2]), 5: set([1]), 6: set([2])}
1 1 0.264618581181 0 0.0 1783.0 9738 5498
1 2 0.0 0 0.0 0.0 9701 0
2 1 0.0 0 0.0 0.0 9738 0
2 2 0.263542754813 0 0.0 1766.0 9701 5418
3 1 0.260759869397 0 0.0 1757.0 9738 5433
3 2 0.0 0 0.0 0.0 9701 0
4 1 0.0 0 0.0 0.0 9738 0
4 2 0.264139680645 0 0.0 1770.0 9701 5501
5 1 0.267735233007 0 0.0 1804.0 9738 5545
5 2 0.0 0 0.0 0.0 9701 0
6 1 0.0 0 0.0 0.0 9738 0
6 2 0.265930458141 0 0.0 1782.0 9701 5483
{1: 0.26461858118135945, 2: 0.2635427548127145, 3: 0.26075986939744733, 4: 0.2641396806446799, 5: 0.26773523300682694, 6: 0.26593045814057603} {1: 0, 2: 0, 3: 0, 4: 0, 5: 0, 6: 0}
0.64 3000 0.528379950202
./new_config_single/with_0.1_coupling/Test_config(70%)/test_config0.65.txt
{1: set([1]), 2: set([2]), 3: set([1]), 4: set([2]), 5: set([1]), 6: set([2])}
1 1 0.267264178666 0 0.0 1819.0 9806 5573
1 2 0.0 0 0.0 0.0 9799 0
2 1 0.0 0 0.0 0.0 9806 0
2 2 0.26356817179 0 0.0 1792.0 9799 5550
3 1 0.262415515721 0 0.0 1786.0 9806 5521
3 2 0.0 0 0.0 0.0 9799 0
4 1 0.0 0 0.0 0.0 9806 0
4 2 0.265921459038 0 0.0 1808.0 9799 5535
5 1 0.262562444902 0 0.0 1787.0 9806 5518
5 2 0.0 0 0.0 0.0 9799 0
6 1 0.0 0 0.0 0.0 9806 0
6 2 0.263421091337 0 0.0 1791.0 9799 5513
{1: 0.26726417866588303, 2: 0.2635681717899691, 3: 0.2624155157214223, 4: 0.26592145903809383, 5: 0.26256244490155745, 6: 0.26342109133696134} {1: 0, 2: 0, 3: 0, 4: 0, 5: 0, 6: 0}
0.65 3000 0.527855902864
./new_config_single/with_0.1_coupling/Test_config(70%)/test_config0.66.txt
{1: set([1]), 2: set([2]), 3: set([1]), 4: set([2]), 5: set([1]), 6: set([2])}
1 1 0.263913043478 0 0.0 1821.0 9900 5603
1 2 0.0 0 0.0 0.0 10009 0
2 1 0.0 0 0.0 0.0 9900 0
2 2 0.262376943929 0 0.0 1839.0 10009 5667
3 1 0.265507246377 0 0.0 1832.0 9900 5604
3 2 0.0 0 0.0 0.0 10009 0
4 1 0.0 0 0.0 0.0 9900 0
4 2 0.264517049508 0 0.0 1854.0 10009 5648
5 1 0.261739130435 0 0.0 1806.0 9900 5593
5 2 0.0 0 0.0 0.0 10009 0
6 1 0.0 0 0.0 0.0 9900 0
6 2 0.26594378656 0 0.0 1864.0 10009 5703
{1: 0.2639130434782609, 2: 0.26237694392923383, 3: 0.2655072463768116, 4: 0.2645170495077757, 5: 0.2617391304347826, 6: 0.26594378656013695} {1: 0, 2: 0, 3: 0, 4: 0, 5: 0, 6: 0}
0.66 3000 0.527471067696
./new_config_single/with_0.1_coupling/Test_config(70%)/test_config0.67.txt
{1: set([1]), 2: set([2]), 3: set([1]), 4: set([2]), 5: set([1]), 6: set([2])}
1 1 0.264504144041 0 0.0 1851.0 9998 5656
1 2 0.0 0 0.0 0.0 10019 0
2 1 0.0 0 0.0 0.0 9998 0
2 2 0.266134777034 0 0.0 1868.0 10019 5725
3 1 0.263503858245 0 0.0 1844.0 9998 5640
3 2 0.0 0 0.0 0.0 10019 0
4 1 0.0 0 0.0 0.0 9998 0
4 2 0.260863370851 0 0.0 1831.0 10019 5642
5 1 0.264504144041 0 0.0 1851.0 9998 5700
5 2 0.0 0 0.0 0.0 10019 0
6 1 0.0 0 0.0 0.0 9998 0
6 2 0.265564895284 0 0.0 1864.0 10019 5671
{1: 0.26450414404115463, 2: 0.2661347770337655, 3: 0.26350385824521294, 4: 0.2608633708505485, 5: 0.26450414404115463, 6: 0.2655648952842285} {1: 0, 2: 0, 3: 0, 4: 0, 5: 0, 6: 0}
0.67 3000 0.527830038102
./new_config_single/with_0.1_coupling/Test_config(70%)/test_config0.68.txt
{1: set([1]), 2: set([2]), 3: set([1]), 4: set([2]), 5: set([1]), 6: set([2])}
1 1 0.263699112551 0 0.0 1872.0 10099 5744
1 2 0.0 0 0.0 0.0 10071 0
2 1 0.0 0 0.0 0.0 10099 0
2 2 0.26092490454 0 0.0 1845.0 10071 5687
3 1 0.264544302014 0 0.0 1878.0 10099 5736
3 2 0.0 0 0.0 0.0 10071 0
4 1 0.0 0 0.0 0.0 10099 0
4 2 0.266157544902 0 0.0 1882.0 10071 5766
5 1 0.263839977462 0 0.0 1873.0 10099 5718
5 2 0.0 0 0.0 0.0 10071 0
6 1 0.0 0 0.0 0.0 10099 0
6 2 0.264319049639 0 0.0 1869.0 10071 5689
{1: 0.26369911255106354, 2: 0.26092490453966904, 3: 0.26454430201436824, 4: 0.26615754490171123, 5: 0.2638399774616143, 6: 0.2643190496393721} {1: 0, 2: 0, 3: 0, 4: 0, 5: 0, 6: 0}
0.68 3000 0.527300468739
./new_config_single/with_0.1_coupling/Test_config(70%)/test_config0.69.txt
{1: set([1]), 2: set([2]), 3: set([1]), 4: set([2]), 5: set([1]), 6: set([2])}
1 1 0.263877266388 0 0.0 1892.0 10170 5795
1 2 0.0 0 0.0 0.0 10174 0
2 1 0.0 0 0.0 0.0 10170 0
2 2 0.262196821857 0 0.0 1881.0 10174 5758
3 1 0.262622036262 0 0.0 1883.0 10170 5774
3 2 0.0 0 0.0 0.0 10174 0
4 1 0.0 0 0.0 0.0 10170 0
4 2 0.2665179816 0 0.0 1912.0 10174 5828
5 1 0.265271966527 0 0.0 1902.0 10170 5771
5 2 0.0 0 0.0 0.0 10174 0
6 1 0.0 0 0.0 0.0 10170 0
6 2 0.263451352105 0 0.0 1890.0 10174 5762
{1: 0.26387726638772663, 2: 0.2621968218567048, 3: 0.26262203626220365, 4: 0.26651798160022305, 5: 0.26527196652719665, 6: 0.26345135210482296} {1: 0, 2: 0, 3: 0, 4: 0, 5: 0, 6: 0}
0.69 3000 0.527451162438
./new_config_single/with_0.1_coupling/Test_config(70%)/test_config0.7.txt
{1: set([1]), 2: set([2]), 3: set([1]), 4: set([2]), 5: set([1]), 6: set([2])}
1 1 0.264355214472 0 0.0 1929.0 10297 5885
1 2 0.0 0 0.0 0.0 10269 0
2 1 0.0 0 0.0 0.0 10297 0
2 2 0.264272939882 0 0.0 1921.0 10269 5882
3 1 0.264492257092 0 0.0 1930.0 10297 5864
3 2 0.0 0 0.0 0.0 10269 0
4 1 0.0 0 0.0 0.0 10297 0
4 2 0.26647406796 0 0.0 1937.0 10269 5888
5 1 0.26325887351 0 0.0 1921.0 10297 5845
5 2 0.0 0 0.0 0.0 10269 0
6 1 0.0 0 0.0 0.0 10297 0
6 2 0.260696106755 0 0.0 1895.0 10269 5768
{1: 0.2643552144717007, 2: 0.2642729398816894, 3: 0.2644922570919556, 4: 0.2664740679598294, 5: 0.2632588735096615, 6: 0.2606961067547118} {1: 0, 2: 0, 3: 0, 4: 0, 5: 0, 6: 0}
0.7 3000 0.52732197007
./new_config_single/with_0.1_coupling/Test_config(70%)/test_config0.71.txt
{1: set([1]), 2: set([2]), 3: set([1]), 4: set([2]), 5: set([1]), 6: set([2])}
1 1 0.264191843924 0 0.0 1950.0 10381 5929
1 2 0.0 0 0.0 0.0 10370 0
2 1 0.0 0 0.0 0.0 10381 0
2 2 0.262686567164 0 0.0 1936.0 10370 5880
3 1 0.263649911936 0 0.0 1946.0 10381 5905
3 2 0.0 0 0.0 0.0 10370 0
4 1 0.0 0 0.0 0.0 10381 0
4 2 0.26540027137 0 0.0 1956.0 10370 5941
5 1 0.263243462945 0 0.0 1943.0 10381 5928
5 2 0.0 0 0.0 0.0 10370 0
6 1 0.0 0 0.0 0.0 10381 0
6 2 0.263907734057 0 0.0 1945.0 10370 5919
{1: 0.2641918439235876, 2: 0.2626865671641791, 3: 0.26364991193605203, 4: 0.2654002713704206, 5: 0.26324346294540035, 6: 0.2639077340569878} {1: 0, 2: 0, 3: 0, 4: 0, 5: 0, 6: 0}
0.71 3000 0.527165570535
./new_config_single/with_0.1_coupling/Test_config(70%)/test_config0.72.txt
{1: set([1]), 2: set([2]), 3: set([1]), 4: set([2]), 5: set([1]), 6: set([2])}
1 1 0.263235689331 0 0.0 1959.0 10442 5949
1 2 0.0 0 0.0 0.0 10429 0
2 1 0.0 0 0.0 0.0 10442 0
2 2 0.263696325212 0 0.0 1959.0 10429 5954
3 1 0.262832571889 0 0.0 1956.0 10442 5960
3 2 0.0 0 0.0 0.0 10429 0
4 1 0.0 0 0.0 0.0 10442 0
4 2 0.262484856643 0 0.0 1950.0 10429 5966
5 1 0.26565439398 0 0.0 1977.0 10442 5975
5 2 0.0 0 0.0 0.0 10429 0
6 1 0.0 0 0.0 0.0 10442 0
6 2 0.26275407188 0 0.0 1952.0 10429 5938
{1: 0.26323568933082503, 2: 0.263696325212007, 3: 0.26283257188927706, 4: 0.262484856642886, 5: 0.26565439398011287, 6: 0.26275407188046845} {1: 0, 2: 0, 3: 0, 4: 0, 5: 0, 6: 0}
0.72 3000 0.526359083676
./new_config_single/with_0.1_coupling/Test_config(70%)/test_config0.73.txt
{1: set([1]), 2: set([2]), 3: set([1]), 4: set([2]), 5: set([1]), 6: set([2])}
1 1 0.263080422856 0 0.0 1966.0 10473 5994
1 2 0.0 0 0.0 0.0 10501 0
2 1 0.0 0 0.0 0.0 10473 0
2 2 0.263164911345 0 0.0 1974.0 10501 6013
3 1 0.26120701191 0 0.0 1952.0 10473 5947
3 2 0.0 0 0.0 0.0 10501 0
4 1 0.0 0 0.0 0.0 10473 0
4 2 0.263031595787 0 0.0 1973.0 10501 5998
5 1 0.264686203667 0 0.0 1978.0 10473 6005
5 2 0.0 0 0.0 0.0 10501 0
6 1 0.0 0 0.0 0.0 10473 0
6 2 0.263964804693 0 0.0 1980.0 10501 5991
{1: 0.26308042285561356, 2: 0.26316491134515396, 3: 0.261207011909541, 4: 0.26303159578722834, 5: 0.26468620366653284, 6: 0.26396480469270767} {1: 0, 2: 0, 3: 0, 4: 0, 5: 0, 6: 0}
0.73 3000 0.525851938436
./new_config_single/with_0.1_coupling/Test_config(70%)/test_config0.74.txt
{1: set([1]), 2: set([2]), 3: set([1]), 4: set([2]), 5: set([1]), 6: set([2])}
1 1 0.264659685864 0 0.0 2022.0 10640 6132
1 2 0.0 0 0.0 0.0 10586 0
2 1 0.0 0 0.0 0.0 10640 0
2 2 0.266411811231 0 0.0 2021.0 10586 6131
3 1 0.264528795812 0 0.0 2021.0 10640 6122
3 2 0.0 0 0.0 0.0 10586 0
4 1 0.0 0 0.0 0.0 10640 0
4 2 0.260743474822 0 0.0 1978.0 10586 6010
5 1 0.260732984293 0 0.0 1992.0 10640 6026
5 2 0.0 0 0.0 0.0 10586 0
6 1 0.0 0 0.0 0.0 10640 0
6 2 0.26127076193 0 0.0 1982.0 10586 6031
{1: 0.26465968586387434, 2: 0.2664118112312154, 3: 0.26452879581151834, 4: 0.2607434748220406, 5: 0.2607329842931937, 6: 0.2612707619298708} {1: 0, 2: 0, 3: 0, 4: 0, 5: 0, 6: 0}
0.74 3000 0.525589722146
./new_config_single/with_0.1_coupling/Test_config(70%)/test_config0.75.txt
{1: set([1]), 2: set([2]), 3: set([1]), 4: set([2]), 5: set([1]), 6: set([2])}
1 1 0.26379489849 0 0.0 2027.0 10684 6116
1 2 0.0 0 0.0 0.0 10661 0
2 1 0.0 0 0.0 0.0 10684 0
2 2 0.263542618457 0 0.0 2019.0 10661 6123
3 1 0.265747006767 0 0.0 2042.0 10684 6170
3 2 0.0 0 0.0 0.0 10661 0
4 1 0.0 0 0.0 0.0 10684 0
4 2 0.264195274768 0 0.0 2024.0 10661 6132
5 1 0.260411244144 0 0.0 2001.0 10684 6082
5 2 0.0 0 0.0 0.0 10661 0
6 1 0.0 0 0.0 0.0 10684 0
6 2 0.260540399426 0 0.0 1996.0 10661 6067
{1: 0.2637948984903696, 2: 0.26354261845712046, 3: 0.26574700676730867, 4: 0.264195274768307, 5: 0.26041124414367517, 6: 0.26054039942566243} {1: 0, 2: 0, 3: 0, 4: 0, 5: 0, 6: 0}
0.75 3000 0.525551070203
./new_config_single/with_0.1_coupling/Test_config(70%)/test_config0.76.txt
{1: set([1]), 2: set([2]), 3: set([1]), 4: set([2]), 5: set([1]), 6: set([2])}
1 1 0.263890679386 0 0.0 2047.0 10757 6216
1 2 0.0 0 0.0 0.0 10716 0
2 1 0.0 0 0.0 0.0 10757 0
2 2 0.264515292898 0 0.0 2041.0 10716 6221
3 1 0.26492200593 0 0.0 2055.0 10757 6190
3 2 0.0 0 0.0 0.0 10716 0
4 1 0.0 0 0.0 0.0 10757 0
4 2 0.261016070503 0 0.0 2014.0 10716 6117
5 1 0.259636457393 0 0.0 2014.0 10757 6108
5 2 0.0 0 0.0 0.0 10716 0
6 1 0.0 0 0.0 0.0 10757 0
6 2 0.261016070503 0 0.0 2014.0 10716 6094
{1: 0.2638906793863607, 2: 0.26451529289787457, 3: 0.2649220059301276, 4: 0.2610160705028512, 5: 0.25963645739332214, 6: 0.2610160705028512} {1: 0, 2: 0, 3: 0, 4: 0, 5: 0, 6: 0}
0.76 3000 0.524473860012
./new_config_single/with_0.1_coupling/Test_config(70%)/test_config0.77.txt
{1: set([1]), 2: set([2]), 3: set([1]), 4: set([2]), 5: set([1]), 6: set([2])}
1 1 0.262244897959 0 0.0 2056.0 10840 6222
1 2 0.0 0 0.0 0.0 10836 0
2 1 0.0 0 0.0 0.0 10840 0
2 2 0.264037774375 0 0.0 2069.0 10836 6254
3 1 0.263520408163 0 0.0 2066.0 10840 6260
3 2 0.0 0 0.0 0.0 10836 0
4 1 0.0 0 0.0 0.0 10840 0
4 2 0.264165390505 0 0.0 2070.0 10836 6224
5 1 0.261607142857 0 0.0 2051.0 10840 6198
5 2 0.0 0 0.0 0.0 10836 0
6 1 0.0 0 0.0 0.0 10840 0
6 2 0.260719754977 0 0.0 2043.0 10836 6194
{1: 0.26224489795918365, 2: 0.26403777437468096, 3: 0.26352040816326533, 4: 0.26416539050535986, 5: 0.26160714285714287, 6: 0.2607197549770291} {1: 0, 2: 0, 3: 0, 4: 0, 5: 0, 6: 0}
0.77 3000 0.524906357823
./new_config_single/with_0.1_coupling/Test_config(70%)/test_config0.78.txt
{1: set([1]), 2: set([2]), 3: set([1]), 4: set([2]), 5: set([1]), 6: set([2])}
1 1 0.262825372757 0 0.0 2080.0 10914 6295
1 2 0.0 0 0.0 0.0 10959 0
2 1 0.0 0 0.0 0.0 10914 0
2 2 0.258700841814 0 0.0 2059.0 10959 6260
3 1 0.261688147587 0 0.0 2071.0 10914 6247
3 2 0.0 0 0.0 0.0 10959 0
4 1 0.0 0 0.0 0.0 10914 0
4 2 0.26448046237 0 0.0 2105.0 10959 6332
5 1 0.263709881223 0 0.0 2087.0 10914 6286
5 2 0.0 0 0.0 0.0 10959 0
6 1 0.0 0 0.0 0.0 10914 0
6 2 0.264857394145 0 0.0 2108.0 10959 6326
{1: 0.26282537275713924, 2: 0.25870084181429825, 3: 0.26168814758655545, 4: 0.26448046236964445, 5: 0.26370988122314887, 6: 0.2648573941449931} {1: 0, 2: 0, 3: 0, 4: 0, 5: 0, 6: 0}
0.78 3000 0.524895279265
./new_config_single/with_0.1_coupling/Test_config(70%)/test_config0.79.txt
{1: set([1]), 2: set([2]), 3: set([1]), 4: set([2]), 5: set([1]), 6: set([2])}
1 1 0.264092376459 0 0.0 2127.0 11054 6385
1 2 0.0 0 0.0 0.0 11032 0
2 1 0.0 0 0.0 0.0 11054 0
2 2 0.25796812749 0 0.0 2072.0 11032 6271
3 1 0.260119195431 0 0.0 2095.0 11054 6335
3 2 0.0 0 0.0 0.0 11032 0
4 1 0.0 0 0.0 0.0 11054 0
4 2 0.26593625498 0 0.0 2136.0 11032 6397
5 1 0.262478271666 0 0.0 2114.0 11054 6388
5 2 0.0 0 0.0 0.0 11032 0
6 1 0.0 0 0.0 0.0 11054 0
6 2 0.264193227092 0 0.0 2122.0 11032 6396
{1: 0.26409237645890243, 2: 0.25796812749003983, 3: 0.26011919543084183, 4: 0.26593625498007967, 5: 0.2624782716662528, 6: 0.26419322709163345} {1: 0, 2: 0, 3: 0, 4: 0, 5: 0, 6: 0}
0.79 3000 0.524404221888
./new_config_single/with_0.1_coupling/Test_config(70%)/test_config0.8.txt
{1: set([1]), 2: set([2]), 3: set([1]), 4: set([2]), 5: set([1]), 6: set([2])}
1 1 0.25958446698 0 0.0 2099.0 11086 6350
1 2 0.0 0 0.0 0.0 11078 0
2 1 0.0 0 0.0 0.0 11086 0
2 2 0.261946026244 0 0.0 2116.0 11078 6372
3 1 0.263789265397 0 0.0 2133.0 11086 6406
3 2 0.0 0 0.0 0.0 11078 0
4 1 0.0 0 0.0 0.0 11086 0
4 2 0.260089130973 0 0.0 2101.0 11078 6355
5 1 0.262428889439 0 0.0 2122.0 11086 6416
5 2 0.0 0 0.0 0.0 11078 0
6 1 0.0 0 0.0 0.0 11086 0
6 2 0.264298093588 0 0.0 2135.0 11078 6429
{1: 0.25958446697996534, 2: 0.26194602624411983, 3: 0.26378926539698244, 4: 0.2600891309730131, 5: 0.26242888943853576, 6: 0.26429809358752165} {1: 0, 2: 0, 3: 0, 4: 0, 5: 0, 6: 0}
0.8 3000 0.523521245583
./new_config_single/with_0.1_coupling/Test_config(70%)/test_config0.81.txt
{1: set([1]), 2: set([2]), 3: set([1]), 4: set([2]), 5: set([1]), 6: set([2])}
1 1 0.262393162393 0 0.0 2149.0 11190 6475
1 2 0.0 0 0.0 0.0 11153 0
2 1 0.0 0 0.0 0.0 11190 0
2 2 0.26333864835 0 0.0 2147.0 11153 6479
3 1 0.262637362637 0 0.0 2151.0 11190 6472
3 2 0.0 0 0.0 0.0 11153 0
4 1 0.0 0 0.0 0.0 11190 0
4 2 0.259781675457 0 0.0 2118.0 11153 6412
5 1 0.261172161172 0 0.0 2139.0 11190 6433
5 2 0.0 0 0.0 0.0 11153 0
6 1 0.0 0 0.0 0.0 11190 0
6 2 0.262234760211 0 0.0 2138.0 11153 6415
{1: 0.2623931623931624, 2: 0.2633386483503005, 3: 0.26263736263736265, 4: 0.259781675456887, 5: 0.2611721611721612, 6: 0.2622347602109653} {1: 0, 2: 0, 3: 0, 4: 0, 5: 0, 6: 0}
0.81 3000 0.523328737484
./new_config_single/with_0.1_coupling/Test_config(70%)/test_config0.82.txt
{1: set([1]), 2: set([2]), 3: set([1]), 4: set([2]), 5: set([1]), 6: set([2])}
1 1 0.260142909047 0 0.0 2148.0 11257 6487
1 2 0.0 0 0.0 0.0 11327 0
2 1 0.0 0 0.0 0.0 11257 0
2 2 0.261558784676 0 0.0 2178.0 11327 6584
3 1 0.264260627346 0 0.0 2182.0 11257 6563
3 2 0.0 0 0.0 0.0 11327 0
4 1 0.0 0 0.0 0.0 11257 0
4 2 0.262879788639 0 0.0 2189.0 11327 6564
5 1 0.260869565217 0 0.0 2154.0 11257 6464
5 2 0.0 0 0.0 0.0 11327 0
6 1 0.0 0 0.0 0.0 11257 0
6 2 0.263119971178 0 0.0 2191.0 11327 6506
{1: 0.2601429090468693, 2: 0.261558784676354, 3: 0.26426062734649386, 4: 0.2628797886393659, 5: 0.2608695652173913, 6: 0.2631199711780954} {1: 0, 2: 0, 3: 0, 4: 0, 5: 0, 6: 0}
0.82 3000 0.523752938153
./new_config_single/with_0.1_coupling/Test_config(70%)/test_config0.83.txt
{1: set([1]), 2: set([2]), 3: set([1]), 4: set([2]), 5: set([1]), 6: set([2])}
1 1 0.260969141755 0 0.0 2165.0 11296 6510
1 2 0.0 0 0.0 0.0 11312 0
2 1 0.0 0 0.0 0.0 11296 0
2 2 0.264677574591 0 0.0 2200.0 11312 6605
3 1 0.260004821601 0 0.0 2157.0 11296 6520
3 2 0.0 0 0.0 0.0 11312 0
4 1 0.0 0 0.0 0.0 11296 0
4 2 0.260948026949 0 0.0 2169.0 11312 6519
5 1 0.263259402122 0 0.0 2184.0 11296 6562
5 2 0.0 0 0.0 0.0 11312 0
6 1 0.0 0 0.0 0.0 11296 0
6 2 0.26010587103 0 0.0 2162.0 11312 6500
{1: 0.2609691417550627, 2: 0.2646775745909528, 3: 0.26000482160077143, 4: 0.2609480269489894, 5: 0.26325940212150434, 6: 0.2601058710298364} {1: 0, 2: 0, 3: 0, 4: 0, 5: 0, 6: 0}
0.83 3000 0.52279829107
./new_config_single/with_0.1_coupling/Test_config(70%)/test_config0.84.txt
{1: set([1]), 2: set([2]), 3: set([1]), 4: set([2]), 5: set([1]), 6: set([2])}
1 1 0.261485360628 0 0.0 2197.0 11402 6615
1 2 0.0 0 0.0 0.0 11390 0
2 1 0.0 0 0.0 0.0 11402 0
2 2 0.262455303933 0 0.0 2202.0 11390 6607
3 1 0.260890264223 0 0.0 2192.0 11402 6590
3 2 0.0 0 0.0 0.0 11390 0
4 1 0.0 0 0.0 0.0 11402 0
4 2 0.263647199046 0 0.0 2212.0 11390 6650
5 1 0.262080457034 0 0.0 2202.0 11402 6599
5 2 0.0 0 0.0 0.0 11390 0
6 1 0.0 0 0.0 0.0 11402 0
6 2 0.259117997616 0 0.0 2174.0 11390 6523
{1: 0.2614853606284218, 2: 0.2624553039332539, 3: 0.2608902642228041, 4: 0.2636471990464839, 5: 0.26208045703403954, 6: 0.2591179976162098} {1: 0, 2: 0, 3: 0, 4: 0, 5: 0, 6: 0}
0.84 3000 0.522702301966
./new_config_single/with_0.1_coupling/Test_config(70%)/test_config0.85.txt
{1: set([1]), 2: set([2]), 3: set([1]), 4: set([2]), 5: set([1]), 6: set([2])}
1 1 0.258719906048 0 0.0 2203.0 11515 6607
1 2 0.0 0 0.0 0.0 11439 0
2 1 0.0 0 0.0 0.0 11515 0
2 2 0.258205948572 0 0.0 2179.0 11439 6610
3 1 0.266236054022 0 0.0 2267.0 11515 6732
3 2 0.0 0 0.0 0.0 11439 0
4 1 0.0 0 0.0 0.0 11515 0
4 2 0.259153928191 0 0.0 2187.0 11439 6608
5 1 0.260129183793 0 0.0 2215.0 11515 6691
5 2 0.0 0 0.0 0.0 11439 0
6 1 0.0 0 0.0 0.0 11515 0
6 2 0.265908282972 0 0.0 2244.0 11439 6660
{1: 0.2587199060481503, 2: 0.2582059485721057, 3: 0.26623605402231354, 4: 0.2591539281905439, 5: 0.2601291837933059, 6: 0.2659082829719161} {1: 0, 2: 0, 3: 0, 4: 0, 5: 0, 6: 0}
0.85 3000 0.522261650098
./new_config_single/with_0.1_coupling/Test_config(70%)/test_config0.86.txt
{1: set([1]), 2: set([2]), 3: set([1]), 4: set([2]), 5: set([1]), 6: set([2])}
1 1 0.261688764829 0 0.0 2250.0 11598 6719
1 2 0.0 0 0.0 0.0 11556 0
2 1 0.0 0 0.0 0.0 11598 0
2 2 0.26355773726 0 0.0 2255.0 11556 6762
3 1 0.261339846476 0 0.0 2247.0 11598 6741
3 2 0.0 0 0.0 0.0 11556 0
4 1 0.0 0 0.0 0.0 11598 0
4 2 0.259583917719 0 0.0 2221.0 11556 6650
5 1 0.261456152594 0 0.0 2248.0 11598 6736
5 2 0.0 0 0.0 0.0 11556 0
6 1 0.0 0 0.0 0.0 11598 0
6 2 0.261570827489 0 0.0 2238.0 11556 6700
{1: 0.26168876482903003, 2: 0.26355773726040205, 3: 0.2613398464759246, 4: 0.2595839177185601, 5: 0.2614561525936264, 6: 0.2615708274894811} {1: 0, 2: 0, 3: 0, 4: 0, 5: 0, 6: 0}
0.86 3000 0.52254268304
./new_config_single/with_0.1_coupling/Test_config(70%)/test_config0.87.txt
{1: set([1]), 2: set([2]), 3: set([1]), 4: set([2]), 5: set([1]), 6: set([2])}
1 1 0.26410939854 0 0.0 2279.0 11629 6785
1 2 0.0 0 0.0 0.0 11622 0
2 1 0.0 0 0.0 0.0 11629 0
2 2 0.262584087219 0 0.0 2264.0 11622 6785
3 1 0.259937420327 0 0.0 2243.0 11629 6727
3 2 0.0 0 0.0 0.0 11622 0
4 1 0.0 0 0.0 0.0 11629 0
4 2 0.260612386917 0 0.0 2247.0 11622 6754
5 1 0.258894425774 0 0.0 2234.0 11629 6746
5 2 0.0 0 0.0 0.0 11622 0
6 1 0.0 0 0.0 0.0 11629 0
6 2 0.259104616098 0 0.0 2234.0 11622 6705
{1: 0.26410939853980764, 2: 0.26258408721874277, 3: 0.25993742032680495, 4: 0.2606123869171886, 5: 0.2588944257735543, 6: 0.25910461609835306} {1: 0, 2: 0, 3: 0, 4: 0, 5: 0, 6: 0}
0.87 3000 0.521225697513
./new_config_single/with_0.1_coupling/Test_config(70%)/test_config0.88.txt
{1: set([1]), 2: set([2]), 3: set([1]), 4: set([2]), 5: set([1]), 6: set([2])}
1 1 0.262511373976 0 0.0 2308.0 11792 6854
1 2 0.0 0 0.0 0.0 11738 0
2 1 0.0 0 0.0 0.0 11792 0
2 2 0.261272602426 0 0.0 2283.0 11738 6852
3 1 0.262056414923 0 0.0 2304.0 11792 6889
3 2 0.0 0 0.0 0.0 11738 0
4 1 0.0 0 0.0 0.0 11792 0
4 2 0.26001373312 0 0.0 2272.0 11738 6786
5 1 0.259554140127 0 0.0 2282.0 11792 6841
5 2 0.0 0 0.0 0.0 11738 0
6 1 0.0 0 0.0 0.0 11792 0
6 2 0.260929274434 0 0.0 2280.0 11738 6838
{1: 0.2625113739763421, 2: 0.2612726024261845, 3: 0.26205641492265697, 4: 0.26001373311970705, 5: 0.25955414012738853, 6: 0.26092927443350883} {1: 0, 2: 0, 3: 0, 4: 0, 5: 0, 6: 0}
0.88 3000 0.521590400489
./new_config_single/with_0.1_coupling/Test_config(70%)/test_config0.89.txt
{1: set([1]), 2: set([2]), 3: set([1]), 4: set([2]), 5: set([1]), 6: set([2])}
1 1 0.259132420091 0 0.0 2270.0 11760 6813
1 2 0.0 0 0.0 0.0 11792 0
2 1 0.0 0 0.0 0.0 11760 0
2 2 0.262738853503 0 0.0 2310.0 11792 6907
3 1 0.26095890411 0 0.0 2286.0 11760 6871
3 2 0.0 0 0.0 0.0 11792 0
4 1 0.0 0 0.0 0.0 11760 0
4 2 0.262056414923 0 0.0 2304.0 11792 6859
5 1 0.259931506849 0 0.0 2277.0 11760 6836
5 2 0.0 0 0.0 0.0 11792 0
6 1 0.0 0 0.0 0.0 11760 0
6 2 0.258530482257 0 0.0 2273.0 11792 6818
{1: 0.2591324200913242, 2: 0.2627388535031847, 3: 0.26095890410958905, 4: 0.26205641492265697, 5: 0.25993150684931504, 6: 0.2585304822565969} {1: 0, 2: 0, 3: 0, 4: 0, 5: 0, 6: 0}
0.89 3000 0.520595077717
./new_config_single/with_0.1_coupling/Test_config(70%)/test_config0.9.txt
{1: set([1]), 2: set([2]), 3: set([1]), 4: set([2]), 5: set([1]), 6: set([2])}
1 1 0.258767985612 0 0.0 2302.0 11896 6908
1 2 0.0 0 0.0 0.0 11853 0
2 1 0.0 0 0.0 0.0 11896 0
2 2 0.258330509432 0 0.0 2287.0 11853 6904
3 1 0.259779676259 0 0.0 2311.0 11896 6908
3 2 0.0 0 0.0 0.0 11853 0
4 1 0.0 0 0.0 0.0 11896 0
4 2 0.260137806393 0 0.0 2303.0 11853 6898
5 1 0.263826438849 0 0.0 2347.0 11896 6976
5 2 0.0 0 0.0 0.0 11853 0
6 1 0.0 0 0.0 0.0 11896 0
6 2 0.263639444256 0 0.0 2334.0 11853 6904
{1: 0.25876798561151076, 2: 0.258330509431831, 3: 0.2597796762589928, 4: 0.260137806393313, 5: 0.2638264388489209, 6: 0.26363944425618435} {1: 0, 2: 0, 3: 0, 4: 0, 5: 0, 6: 0}
0.9 3000 0.520972459647
./new_config_single/with_0.1_coupling/Test_config(70%)/test_config0.91.txt
{1: set([1]), 2: set([2]), 3: set([1]), 4: set([2]), 5: set([1]), 6: set([2])}
1 1 0.26060875361 0 0.0 2346.0 12002 6996
1 2 0.0 0 0.0 0.0 11980 0
2 1 0.0 0 0.0 0.0 12002 0
2 2 0.260467706013 0 0.0 2339.0 11980 6998
3 1 0.261275272162 0 0.0 2352.0 12002 7007
3 2 0.0 0 0.0 0.0 11980 0
4 1 0.0 0 0.0 0.0 12002 0
4 2 0.259465478842 0 0.0 2330.0 11980 6999
5 1 0.259831148634 0 0.0 2339.0 12002 7001
5 2 0.0 0 0.0 0.0 11980 0
6 1 0.0 0 0.0 0.0 12002 0
6 2 0.26135857461 0 0.0 2347.0 11980 6963
{1: 0.26060875361030883, 2: 0.26046770601336305, 3: 0.26127527216174184, 4: 0.2594654788418708, 5: 0.259831148633637, 6: 0.261358574610245} {1: 0, 2: 0, 3: 0, 4: 0, 5: 0, 6: 0}
0.91 3000 0.520481308979
./new_config_single/with_0.1_coupling/Test_config(70%)/test_config0.92.txt
{1: set([1]), 2: set([2]), 3: set([1]), 4: set([2]), 5: set([1]), 6: set([2])}
1 1 0.26264418811 0 0.0 2368.0 12016 7094
1 2 0.0 0 0.0 0.0 12095 0
2 1 0.0 0 0.0 0.0 12016 0
2 2 0.259263331501 0 0.0 2358.0 12095 7069
3 1 0.255545696539 0 0.0 2304.0 12016 6922
3 2 0.0 0 0.0 0.0 12095 0
4 1 0.0 0 0.0 0.0 12016 0
4 2 0.263331500825 0 0.0 2395.0 12095 7112
5 1 0.260425909494 0 0.0 2348.0 12016 7016
5 2 0.0 0 0.0 0.0 12095 0
6 1 0.0 0 0.0 0.0 12016 0
6 2 0.26069268829 0 0.0 2371.0 12095 7009
{1: 0.2626441881100266, 2: 0.25926333150082465, 3: 0.25554569653948533, 4: 0.2633315008246289, 5: 0.2604259094942325, 6: 0.26069268829026937} {1: 0, 2: 0, 3: 0, 4: 0, 5: 0, 6: 0}
0.92 3000 0.520113803815
./new_config_single/with_0.1_coupling/Test_config(70%)/test_config0.93.txt
{1: set([1]), 2: set([2]), 3: set([1]), 4: set([2]), 5: set([1]), 6: set([2])}
1 1 0.261465876673 0 0.0 2383.0 12114 7101
1 2 0.0 0 0.0 0.0 12127 0
2 1 0.0 0 0.0 0.0 12114 0
2 2 0.261531719075 0 0.0 2387.0 12127 7127
3 1 0.259271450516 0 0.0 2363.0 12114 7039
3 2 0.0 0 0.0 0.0 12127 0
4 1 0.0 0 0.0 0.0 12114 0
4 2 0.259888243673 0 0.0 2372.0 12127 7079
5 1 0.259381171824 0 0.0 2364.0 12114 7088
5 2 0.0 0 0.0 0.0 12127 0
6 1 0.0 0 0.0 0.0 12114 0
6 2 0.258902158431 0 0.0 2363.0 12127 7048
{1: 0.26146587667324994, 2: 0.2615317190752712, 3: 0.25927145051569017, 4: 0.2598882436726197, 5: 0.2593811718235681, 6: 0.2589021584310288} {1: 0, 2: 0, 3: 0, 4: 0, 5: 0, 6: 0}
0.93 3000 0.519626726524
./new_config_single/with_0.1_coupling/Test_config(70%)/test_config0.94.txt
{1: set([1]), 2: set([2]), 3: set([1]), 4: set([2]), 5: set([1]), 6: set([2])}
1 1 0.261581859607 0 0.0 2411.0 12217 7175
1 2 0.0 0 0.0 0.0 12189 0
2 1 0.0 0 0.0 0.0 12217 0
2 2 0.261943628251 0 0.0 2407.0 12189 7174
3 1 0.259845936856 0 0.0 2395.0 12217 7148
3 2 0.0 0 0.0 0.0 12189 0
4 1 0.0 0 0.0 0.0 12217 0
4 2 0.257917074763 0 0.0 2370.0 12189 7104
5 1 0.259086470652 0 0.0 2388.0 12217 7111
5 2 0.0 0 0.0 0.0 12189 0
6 1 0.0 0 0.0 0.0 12217 0
6 2 0.259440635542 0 0.0 2384.0 12189 7100
{1: 0.2615818596072475, 2: 0.2619436282511699, 3: 0.2598459368558099, 4: 0.25791707476330394, 5: 0.259086470652056, 6: 0.25944063554249647} {1: 0, 2: 0, 3: 0, 4: 0, 5: 0, 6: 0}
0.94 3000 0.519418596689
./new_config_single/with_0.1_coupling/Test_config(70%)/test_config0.95.txt
{1: set([1]), 2: set([2]), 3: set([1]), 4: set([2]), 5: set([1]), 6: set([2])}
1 1 0.261525204653 0 0.0 2428.0 12284 7219
1 2 0.0 0 0.0 0.0 12254 0
2 1 0.0 0 0.0 0.0 12284 0
2 2 0.257078020316 0 0.0 2379.0 12254 7124
3 1 0.258724687635 0 0.0 2402.0 12284 7161
3 2 0.0 0 0.0 0.0 12254 0
4 1 0.0 0 0.0 0.0 12284 0
4 2 0.262481089259 0 0.0 2429.0 12254 7214
5 1 0.259909521758 0 0.0 2413.0 12284 7188
5 2 0.0 0 0.0 0.0 12254 0
6 1 0.0 0 0.0 0.0 12284 0
6 2 0.260644045818 0 0.0 2412.0 12254 7170
{1: 0.26152520465316675, 2: 0.2570780203155392, 3: 0.25872468763464024, 4: 0.26248108925869895, 5: 0.25990952175786297, 6: 0.26064404581802464} {1: 0, 2: 0, 3: 0, 4: 0, 5: 0, 6: 0}
0.95 3000 0.519600735623
./new_config_single/with_0.1_coupling/Test_config(70%)/test_config0.96.txt
{1: set([1]), 2: set([2]), 3: set([1]), 4: set([2]), 5: set([1]), 6: set([2])}
1 1 0.258641111231 0 0.0 2402.0 12287 7163
1 2 0.0 0 0.0 0.0 12357 0
2 1 0.0 0 0.0 0.0 12287 0
2 2 0.258523030886 0 0.0 2419.0 12357 7205
3 1 0.2609023366 0 0.0 2423.0 12287 7206
3 2 0.0 0 0.0 0.0 12357 0
4 1 0.0 0 0.0 0.0 12287 0
4 2 0.259591749492 0 0.0 2429.0 12357 7235
5 1 0.258964143426 0 0.0 2405.0 12287 7205
5 2 0.0 0 0.0 0.0 12357 0
6 1 0.0 0 0.0 0.0 12287 0
6 2 0.260767339959 0 0.0 2440.0 12357 7274
{1: 0.2586411112307527, 2: 0.25852303088596773, 3: 0.26090233659954776, 4: 0.25959174949235864, 5: 0.2589641434262948, 6: 0.26076733995938867} {1: 0, 2: 0, 3: 0, 4: 0, 5: 0, 6: 0}
0.96 3000 0.518610773961
./new_config_single/with_0.1_coupling/Test_config(70%)/test_config0.97.txt
{1: set([1]), 2: set([2]), 3: set([1]), 4: set([2]), 5: set([1]), 6: set([2])}
1 1 0.259649862898 0 0.0 2462.0 12482 7330
1 2 0.0 0 0.0 0.0 12408 0
2 1 0.0 0 0.0 0.0 12482 0
2 2 0.261692176871 0 0.0 2462.0 12408 7309
3 1 0.258384307108 0 0.0 2450.0 12482 7310
3 2 0.0 0 0.0 0.0 12408 0
4 1 0.0 0 0.0 0.0 12482 0
4 2 0.25818452381 0 0.0 2429.0 12408 7247
5 1 0.261126344653 0 0.0 2476.0 12482 7324
5 2 0.0 0 0.0 0.0 12408 0
6 1 0.0 0 0.0 0.0 12482 0
6 2 0.258609693878 0 0.0 2433.0 12408 7260
{1: 0.25964986289812275, 2: 0.2616921768707483, 3: 0.25838430710820504, 4: 0.25818452380952384, 5: 0.2611263446530268, 6: 0.258609693877551} {1: 0, 2: 0, 3: 0, 4: 0, 5: 0, 6: 0}
0.97 3000 0.518696420769
./new_config_single/with_0.1_coupling/Test_config(70%)/test_config0.98.txt
{1: set([1]), 2: set([2]), 3: set([1]), 4: set([2]), 5: set([1]), 6: set([2])}
1 1 0.259091864621 0 0.0 2465.0 12514 7341
1 2 0.0 0 0.0 0.0 12537 0
2 1 0.0 0 0.0 0.0 12514 0
2 2 0.260354409143 0 0.0 2483.0 12537 7394
3 1 0.26045827202 0 0.0 2478.0 12514 7359
3 2 0.0 0 0.0 0.0 12537 0
4 1 0.0 0 0.0 0.0 12514 0
4 2 0.258676732725 0 0.0 2467.0 12537 7334
5 1 0.258040782005 0 0.0 2455.0 12514 7328
5 2 0.0 0 0.0 0.0 12537 0
6 1 0.0 0 0.0 0.0 12514 0
6 2 0.259201006606 0 0.0 2472.0 12537 7346
{1: 0.25909186462055916, 2: 0.26035440914333646, 3: 0.2604582720201808, 4: 0.2586767327251756, 5: 0.25804078200546565, 6: 0.2592010066058509} {1: 0, 2: 0, 3: 0, 4: 0, 5: 0, 6: 0}
0.98 3000 0.518089081351
./new_config_single/with_0.1_coupling/Test_config(70%)/test_config0.99.txt
{1: set([1]), 2: set([2]), 3: set([1]), 4: set([2]), 5: set([1]), 6: set([2])}
1 1 0.260824095378 0 0.0 2494.0 12562 7422
1 2 0.0 0 0.0 0.0 12520 0
2 1 0.0 0 0.0 0.0 12562 0
2 2 0.255462184874 0 0.0 2432.0 12520 7286
3 1 0.256431708848 0 0.0 2452.0 12562 7339
3 2 0.0 0 0.0 0.0 12520 0
4 1 0.0 0 0.0 0.0 12562 0
4 2 0.259768907563 0 0.0 2473.0 12520 7378
5 1 0.260092030956 0 0.0 2487.0 12562 7363
5 2 0.0 0 0.0 0.0 12520 0
6 1 0.0 0 0.0 0.0 12562 0
6 2 0.262710084034 0 0.0 2501.0 12520 7376
{1: 0.2608240953775361, 2: 0.25546218487394956, 3: 0.2564317088475214, 4: 0.25976890756302523, 5: 0.26009203095586697, 6: 0.26271008403361346} {1: 0, 2: 0, 3: 0, 4: 0, 5: 0, 6: 0}
0.99 3000 0.51791124088
./new_config_single/with_0.1_coupling/Test_config(70%)/test_config1.0.txt
{1: set([1]), 2: set([2]), 3: set([1]), 4: set([2]), 5: set([1]), 6: set([2])}
1 1 0.258776955933 0 0.0 2484.0 12599 7394
1 2 0.0 0 0.0 0.0 12584 0
2 1 0.0 0 0.0 0.0 12599 0
2 2 0.260747078464 0 0.0 2499.0 12584 7414
3 1 0.257214293156 0 0.0 2469.0 12599 7393
3 2 0.0 0 0.0 0.0 12584 0
4 1 0.0 0 0.0 0.0 12599 0
4 2 0.25918196995 0 0.0 2484.0 12584 7416
5 1 0.26106886134 0 0.0 2506.0 12599 7411
5 2 0.0 0 0.0 0.0 12584 0
6 1 0.0 0 0.0 0.0 12599 0
6 2 0.257512520868 0 0.0 2468.0 12584 7338
{1: 0.25877695593290967, 2: 0.26074707846410683, 3: 0.257214293155537, 4: 0.25918196994991655, 5: 0.2610688613397229, 6: 0.25751252086811355} {1: 0, 2: 0, 3: 0, 4: 0, 5: 0, 6: 0}
1.0 3000 0.517649059344
