./new_config_single/with_0_coupling/Test_config(70%)/test_config0.0.txt
{1: set([1]), 2: set([2]), 3: set([1]), 4: set([2]), 5: set([1]), 6: set([2])}
1 1 0 0 0 0.0 0.0 0
1 2 0 0 0 0.0 0.0 0
2 1 0 0 0 0.0 0.0 0
2 2 0 0 0 0.0 0.0 0
3 1 0 0 0 0.0 0.0 0
3 2 0 0 0 0.0 0.0 0
4 1 0 0 0 0.0 0.0 0
4 2 0 0 0 0.0 0.0 0
5 1 0 0 0 0.0 0.0 0
5 2 0 0 0 0.0 0.0 0
6 1 0 0 0 0.0 0.0 0
6 2 0 0 0 0.0 0.0 0
{1: 0, 2: 0, 3: 0, 4: 0, 5: 0, 6: 0} {1: 0, 2: 0, 3: 0, 4: 0, 5: 0, 6: 0}
0.0 0 0.0
./new_config_single/with_0_coupling/Test_config(70%)/test_config0.01.txt
{1: set([1]), 2: set([2]), 3: set([1]), 4: set([2]), 5: set([1]), 6: set([2])}
1 1 0.17588736863 0 0.0 34.0 123.0 78
1 2 0.0 0 0.0 0.0 123.0 0
2 1 0.0 0 0.0 0.0 123.0 0
2 2 0.168005155661 0 0.0 34.0 123.0 81
3 1 0.157032850816 0 0.0 34.0 123.0 85
3 2 0.0 0 0.0 0.0 123.0 0
4 1 0.0 0 0.0 0.0 123.0 0
4 2 0.162585101461 0 0.0 34.0 123.0 83
5 1 0.162585101461 0 0.0 34.0 123.0 83
5 2 0.0 0 0.0 0.0 123.0 0
6 1 0.0 0 0.0 0.0 123.0 0
6 2 0.165311653117 0 0.0 34.0 123.0 82
{1: 0.17588736862978388, 2: 0.1680051556613127, 3: 0.15703285081631305, 4: 0.1625851014607707, 5: 0.1625851014607707, 6: 0.16531165311653118} {1: 0, 2: 0, 3: 0, 4: 0, 5: 0, 6: 0}
0.01 0 0.330138607971
./new_config_single/with_0_coupling/Test_config(70%)/test_config0.02.txt
{1: set([1]), 2: set([2]), 3: set([1]), 4: set([2]), 5: set([1]), 6: set([2])}
1 1 0.15964857644 0 0.0 68.0 247.0 168
1 2 0.0 0 0.0 0.0 249.0 0
2 1 0.0 0 0.0 0.0 247.0 0
2 2 0.171287559878 0 0.0 69.0 249.0 162
3 1 0.167790817748 0 0.0 69.0 247.0 165
3 2 0.0 0 0.0 0.0 249.0 0
4 1 0.0 0 0.0 0.0 247.0 0
4 2 0.160578055193 0 0.0 69.0 249.0 170
5 1 0.169085708666 0 0.0 68.0 247.0 161
5 2 0.0 0 0.0 0.0 249.0 0
6 1 0.0 0 0.0 0.0 247.0 0
6 2 0.165997322624 0 0.0 69.0 249.0 166
{1: 0.15964857643954172, 2: 0.1712875598780665, 3: 0.16779081774820112, 4: 0.16057805519265816, 5: 0.1690857086659345, 6: 0.16599732262382866} {1: 0, 2: 0, 3: 0, 4: 0, 5: 0, 6: 0}
0.02 0 0.331131217503
./new_config_single/with_0_coupling/Test_config(70%)/test_config0.03.txt
{1: set([1]), 2: set([2]), 3: set([1]), 4: set([2]), 5: set([1]), 6: set([2])}
1 1 0.17090613747 0 0.0 103.0 373.0 242
1 2 0.0 0 0.0 0.0 370.0 0
2 1 0.0 0 0.0 0.0 373.0 0
2 2 0.161561358656 0 0.0 101.0 370.0 247
3 1 0.161122052196 0 0.0 103.0 373.0 253
3 2 0.0 0 0.0 0.0 370.0 0
4 1 0.0 0 0.0 0.0 373.0 0
4 2 0.164264061359 0 0.0 102.0 370.0 247
5 1 0.15757139058 0 0.0 101.0 373.0 251
5 2 0.0 0 0.0 0.0 370.0 0
6 1 0.0 0 0.0 0.0 373.0 0
6 2 0.16246165084 0 0.0 101.0 370.0 246
{1: 0.1709061374695427, 2: 0.16156135865595325, 3: 0.16112205219616327, 4: 0.16426406135865598, 5: 0.1575713905799654, 6: 0.16246165084002923} {1: 0, 2: 0, 3: 0, 4: 0, 5: 0, 6: 0}
0.03 0 0.325636254816
./new_config_single/with_0_coupling/Test_config(70%)/test_config0.04.txt
{1: set([1]), 2: set([2]), 3: set([1]), 4: set([2]), 5: set([1]), 6: set([2])}
1 1 0.161237317404 0 0.0 135.0 492.0 331
1 2 0.0 0 0.0 0.0 498.0 0
2 1 0.0 0 0.0 0.0 492.0 0
2 2 0.162646570217 0 0.0 137.0 498.0 334
3 1 0.167334878379 0 0.0 136.0 492.0 325
3 2 0.0 0 0.0 0.0 498.0 0
4 1 0.0 0 0.0 0.0 492.0 0
4 2 0.167310809503 0 0.0 137.0 498.0 327
5 1 0.163279132791 0 0.0 135.0 492.0 328
5 2 0.0 0 0.0 0.0 498.0 0
6 1 0.0 0 0.0 0.0 492.0 0
6 2 0.163980218061 0 0.0 138.0 498.0 335
{1: 0.16123731740366187, 2: 0.1626465702166094, 3: 0.16733487837927163, 4: 0.16731080950307253, 5: 0.16327913279132794, 6: 0.163980218060999} {1: 0, 2: 0, 3: 0, 4: 0, 5: 0, 6: 0}
0.04 0 0.328267712476
./new_config_single/with_0_coupling/Test_config(70%)/test_config0.05.txt
{1: set([1]), 2: set([2]), 3: set([1]), 4: set([2]), 5: set([1]), 6: set([2])}
1 1 0.16444416 0 0.0 172.0 625.0 416
1 2 0.0 0 0.0 0.0 611.0 0
2 1 0.0 0 0.0 0.0 625.0 0
2 2 0.15856528296 0 0.0 166.0 611.0 411
3 1 0.15964096 0 0.0 170.0 625.0 419
3 2 0.0 0 0.0 0.0 611.0 0
4 1 0.0 0 0.0 0.0 625.0 0
4 2 0.162366301387 0 0.0 165.0 611.0 401
5 1 0.164976 0 0.0 172.0 625.0 415
5 2 0.0 0 0.0 0.0 611.0 0
6 1 0.0 0 0.0 0.0 625.0 0
6 2 0.164025061542 0 0.0 169.0 611.0 410
{1: 0.16444416, 2: 0.15856528296024064, 3: 0.15964096000000003, 4: 0.16236630138674227, 5: 0.16497599999999998, 6: 0.1640250615422117} {1: 0, 2: 0, 3: 0, 4: 0, 5: 0, 6: 0}
0.05 0 0.324347916041
./new_config_single/with_0_coupling/Test_config(70%)/test_config0.06.txt
{1: set([1]), 2: set([2]), 3: set([1]), 4: set([2]), 5: set([1]), 6: set([2])}
1 1 0.166717084896 0 0.0 204.0 743.0 488
1 2 0.0 0 0.0 0.0 741.0 0
2 1 0.0 0 0.0 0.0 743.0 0
2 2 0.165091762418 0 0.0 205.0 741.0 495
3 1 0.165371189876 0 0.0 203.0 743.0 488
3 2 0.0 0 0.0 0.0 741.0 0
4 1 0.0 0 0.0 0.0 743.0 0
4 2 0.162391341168 0 0.0 202.0 741.0 492
5 1 0.156774126934 0 0.0 204.0 743.0 510
5 2 0.0 0 0.0 0.0 741.0 0
6 1 0.0 0 0.0 0.0 743.0 0
6 2 0.161043179422 0 0.0 202.0 741.0 495
{1: 0.1667170848964494, 2: 0.16509176241756682, 3: 0.16537118987626095, 4: 0.16239134116824294, 5: 0.15677412693438447, 6: 0.16104317942161542} {1: 0, 2: 0, 3: 0, 4: 0, 5: 0, 6: 0}
0.06 0 0.32547043201
./new_config_single/with_0_coupling/Test_config(70%)/test_config0.07.txt
{1: set([1]), 2: set([2]), 3: set([1]), 4: set([2]), 5: set([1]), 6: set([2])}
1 1 0.159991584009 0 0.0 235.0 859.0 579
1 2 0.0 0 0.0 0.0 847.0 0
2 1 0.0 0 0.0 0.0 859.0 0
2 2 0.159109726809 0 0.0 231.0 847.0 571
3 1 0.166198885728 0 0.0 236.0 859.0 566
3 2 0.0 0 0.0 0.0 847.0 0
4 1 0.0 0 0.0 0.0 859.0 0
4 2 0.163843776702 0 0.0 232.0 847.0 562
5 1 0.162333425037 0 0.0 235.0 859.0 573
5 2 0.0 0 0.0 0.0 847.0 0
6 1 0.0 0 0.0 0.0 859.0 0
6 2 0.16305447799 0 0.0 231.0 847.0 561
{1: 0.1599915840088036, 2: 0.1591097268085569, 3: 0.16619888572818656, 4: 0.1638437767019929, 5: 0.16233342503737053, 6: 0.16305447798954292} {1: 0, 2: 0, 3: 0, 4: 0, 5: 0, 6: 0}
0.07 0 0.324519114799
./new_config_single/with_0_coupling/Test_config(70%)/test_config0.08.txt
{1: set([1]), 2: set([2]), 3: set([1]), 4: set([2]), 5: set([1]), 6: set([2])}
1 1 0.163669461207 0 0.0 271.0 983.0 658
1 2 0.0 0 0.0 0.0 985.0 0
2 1 0.0 0 0.0 0.0 983.0 0
2 2 0.159457857713 0 0.0 271.0 985.0 670
3 1 0.159238850903 0 0.0 269.0 983.0 665
3 2 0.0 0 0.0 0.0 985.0 0
4 1 0.0 0 0.0 0.0 983.0 0
4 2 0.165565719292 0 0.0 269.0 985.0 646
5 1 0.164649240548 0 0.0 267.0 983.0 643
5 2 0.0 0 0.0 0.0 985.0 0
6 1 0.0 0 0.0 0.0 983.0 0
6 2 0.161870700095 0 0.0 268.0 985.0 654
{1: 0.16366946120674042, 2: 0.15945785771341697, 3: 0.15923885090278372, 4: 0.16556571929191677, 5: 0.16464924054811758, 6: 0.16187070009533872} {1: 0, 2: 0, 3: 0, 4: 0, 5: 0, 6: 0}
0.08 0 0.32449245931
./new_config_single/with_0_coupling/Test_config(70%)/test_config0.09.txt
{1: set([1]), 2: set([2]), 3: set([1]), 4: set([2]), 5: set([1]), 6: set([2])}
1 1 0.162690865301 0 0.0 301.0 1092.0 734
1 2 0.0 0 0.0 0.0 1104.0 0
2 1 0.0 0 0.0 0.0 1092.0 0
2 2 0.162728418399 0 0.0 305.0 1104.0 744
3 1 0.161782661783 0 0.0 298.0 1092.0 728
3 2 0.0 0 0.0 0.0 1104.0 0
4 1 0.0 0 0.0 0.0 1092.0 0
4 2 0.162667498622 0 0.0 296.0 1104.0 717
5 1 0.160859363469 0 0.0 295.0 1092.0 722
5 2 0.0 0 0.0 0.0 1104.0 0
6 1 0.0 0 0.0 0.0 1092.0 0
6 2 0.161810929624 0 0.0 305.0 1104.0 747
{1: 0.1626908653007554, 2: 0.16272841839949592, 3: 0.16178266178266176, 4: 0.16266749862161312, 5: 0.16085936346925356, 6: 0.1618109296235035} {1: 0, 2: 0, 3: 0, 4: 0, 5: 0, 6: 0}
0.09 0 0.323855732487
./new_config_single/with_0_coupling/Test_config(70%)/test_config0.1.txt
{1: set([1]), 2: set([2]), 3: set([1]), 4: set([2]), 5: set([1]), 6: set([2])}
1 1 0.161013903707 0 0.0 335.0 1215.0 823
1 2 0.0 0 0.0 0.0 1222.0 0
2 1 0.0 0 0.0 0.0 1215.0 0
2 2 0.163483972238 0 0.0 336.0 1222.0 816
3 1 0.160768006232 0 0.0 330.0 1215.0 809
3 2 0.0 0 0.0 0.0 1222.0 0
4 1 0.0 0 0.0 0.0 1215.0 0
4 2 0.159362853951 0 0.0 335.0 1222.0 828
5 1 0.162115531169 0 0.0 328.0 1215.0 798
5 2 0.0 0 0.0 0.0 1222.0 0
6 1 0.0 0 0.0 0.0 1215.0 0
6 2 0.162902703036 0 0.0 330.0 1222.0 800
{1: 0.16101390370709073, 2: 0.16348397223836858, 3: 0.1607680062321123, 4: 0.1593628539514252, 5: 0.16211553116902916, 6: 0.1629027030357253} {1: 0, 2: 0, 3: 0, 4: 0, 5: 0, 6: 0}
0.1 0 0.322892441121
./new_config_single/with_0_coupling/Test_config(70%)/test_config0.11.txt
{1: set([1]), 2: set([2]), 3: set([1]), 4: set([2]), 5: set([1]), 6: set([2])}
1 1 0.161036533767 0 0.0 365.0 1342.0 894
1 2 0.0 0 0.0 0.0 1347.0 0
2 1 0.0 0 0.0 0.0 1342.0 0
2 2 0.163814084917 0 0.0 368.0 1347.0 891
3 1 0.16251393698 0 0.0 364.0 1342.0 885
3 2 0.0 0 0.0 0.0 1347.0 0
4 1 0.0 0 0.0 0.0 1342.0 0
4 2 0.160583969766 0 0.0 370.0 1347.0 910
5 1 0.162015315131 0 0.0 370.0 1342.0 905
5 2 0.0 0 0.0 0.0 1347.0 0
6 1 0.0 0 0.0 0.0 1342.0 0
6 2 0.161837683786 0 0.0 366.0 1347.0 893
{1: 0.1610365337674712, 2: 0.1638140849169068, 3: 0.16251393698041716, 4: 0.16058396976646389, 5: 0.1620153151312297, 6: 0.16183768378573962} {1: 0, 2: 0, 3: 0, 4: 0, 5: 0, 6: 0}
0.11 0 0.323609907608
./new_config_single/with_0_coupling/Test_config(70%)/test_config0.12.txt
{1: set([1]), 2: set([2]), 3: set([1]), 4: set([2]), 5: set([1]), 6: set([2])}
1 1 0.162672913501 0 0.0 399.0 1461.0 971
1 2 0.0 0 0.0 0.0 1455.0 0
2 1 0.0 0 0.0 0.0 1461.0 0
2 2 0.162427344977 0 0.0 397.0 1455.0 967
3 1 0.162442885312 0 0.0 398.0 1461.0 969
3 2 0.0 0 0.0 0.0 1455.0 0
4 1 0.0 0 0.0 0.0 1461.0 0
4 2 0.160366552119 0 0.0 395.0 1455.0 970
5 1 0.159472312524 0 0.0 398.0 1461.0 982
5 2 0.0 0 0.0 0.0 1455.0 0
6 1 0.0 0 0.0 0.0 1461.0 0
6 2 0.162427344977 0 0.0 399.0 1455.0 973
{1: 0.16267291350143662, 2: 0.16242734497703143, 3: 0.16244288531244247, 4: 0.16036655211912942, 5: 0.1594723125235123, 6: 0.16242734497703148} {1: 0, 2: 0, 3: 0, 4: 0, 5: 0, 6: 0}
0.12 0 0.322946514686
./new_config_single/with_0_coupling/Test_config(70%)/test_config0.13.txt
{1: set([1]), 2: set([2]), 3: set([1]), 4: set([2]), 5: set([1]), 6: set([2])}
1 1 0.159254951599 0 0.0 420.0 1571.0 1033
1 2 0.0 0 0.0 0.0 1576.0 0
2 1 0.0 0 0.0 0.0 1571.0 0
2 2 0.161025390373 0 0.0 430.0 1576.0 1054
3 1 0.161123741461 0 0.0 436.0 1571.0 1072
3 2 0.0 0 0.0 0.0 1576.0 0
4 1 0.0 0 0.0 0.0 1571.0 0
4 2 0.161023276656 0 0.0 427.0 1576.0 1045
5 1 0.162871990376 0 0.0 427.0 1571.0 1037
5 2 0.0 0 0.0 0.0 1576.0 0
6 1 0.0 0 0.0 0.0 1571.0 0
6 2 0.162506502197 0 0.0 432.0 1576.0 1053
{1: 0.15925495159926434, 2: 0.16102539037336702, 3: 0.16112374146134528, 4: 0.16102327665618804, 5: 0.16287199037617284, 6: 0.1625065021966554} {1: 0, 2: 0, 3: 0, 4: 0, 5: 0, 6: 0}
0.13 0 0.322279348937
./new_config_single/with_0_coupling/Test_config(70%)/test_config0.14.txt
{1: set([1]), 2: set([2]), 3: set([1]), 4: set([2]), 5: set([1]), 6: set([2])}
1 1 0.162422736047 0 0.0 461.0 1689.0 1123
1 2 0.0 0 0.0 0.0 1682.0 0
2 1 0.0 0 0.0 0.0 1689.0 0
2 2 0.165205112961 0 0.0 468.0 1682.0 1131
3 1 0.162422736047 0 0.0 461.0 1689.0 1123
3 2 0.0 0 0.0 0.0 1682.0 0
4 1 0.0 0 0.0 0.0 1689.0 0
4 2 0.160047332673 0 0.0 452.0 1682.0 1109
5 1 0.160644170951 0 0.0 461.0 1689.0 1132
5 2 0.0 0 0.0 0.0 1682.0 0
6 1 0.0 0 0.0 0.0 1689.0 0
6 2 0.158276554863 0 0.0 454.0 1682.0 1124
{1: 0.16242273604744384, 2: 0.165205112960761, 3: 0.16242273604744384, 4: 0.16004733267258697, 5: 0.16064417095117262, 6: 0.15827655486291872} {1: 0, 2: 0, 3: 0, 4: 0, 5: 0, 6: 0}
0.14 0 0.3226832083
./new_config_single/with_0_coupling/Test_config(70%)/test_config0.15.txt
{1: set([1]), 2: set([2]), 3: set([1]), 4: set([2]), 5: set([1]), 6: set([2])}
1 1 0.164407604758 0 0.0 502.0 1820.0 1215
1 2 0.0 0 0.0 0.0 1822.0 0
2 1 0.0 0 0.0 0.0 1820.0 0
2 2 0.162878680621 0 0.0 496.0 1822.0 1205
3 1 0.159256053013 0 0.0 498.0 1820.0 1231
3 2 0.0 0 0.0 0.0 1822.0 0
4 1 0.0 0 0.0 0.0 1820.0 0
4 2 0.160141070656 0 0.0 495.0 1822.0 1217
5 1 0.161082900616 0 0.0 489.0 1820.0 1194
5 2 0.0 0 0.0 0.0 1822.0 0
6 1 0.0 0 0.0 0.0 1820.0 0
6 2 0.161418074732 0 0.0 499.0 1822.0 1222
{1: 0.16440760475787952, 2: 0.1628786806214085, 3: 0.15925605301292117, 4: 0.1601410706561227, 5: 0.16108290061586764, 6: 0.16141807473241426} {1: 0, 2: 0, 3: 0, 4: 0, 5: 0, 6: 0}
0.15 0 0.322738400004
./new_config_single/with_0_coupling/Test_config(70%)/test_config0.16.txt
{1: set([1]), 2: set([2]), 3: set([1]), 4: set([2]), 5: set([1]), 6: set([2])}
1 1 0.161859864443 0 0.0 529.0 1931.0 1293
1 2 0.0 0 0.0 0.0 1918.0 0
2 1 0.0 0 0.0 0.0 1931.0 0
2 2 0.159402485753 0 0.0 525.0 1918.0 1297
3 1 0.162551045776 0 0.0 530.0 1931.0 1292
3 2 0.0 0 0.0 0.0 1918.0 0
4 1 0.0 0 0.0 0.0 1931.0 0
4 2 0.162189321623 0 0.0 519.0 1918.0 1263
5 1 0.160991747661 0 0.0 522.0 1931.0 1277
5 2 0.0 0 0.0 0.0 1918.0 0
6 1 0.0 0 0.0 0.0 1931.0 0
6 2 0.161510349784 0 0.0 522.0 1918.0 1276
{1: 0.16185986444290748, 2: 0.15940248575321225, 3: 0.16255104577633162, 4: 0.16218932162347596, 5: 0.16099174766095226, 6: 0.1615103497843274} {1: 0, 2: 0, 3: 0, 4: 0, 5: 0, 6: 0}
0.16 0 0.322512103409
./new_config_single/with_0_coupling/Test_config(70%)/test_config0.17.txt
{1: set([1]), 2: set([2]), 3: set([1]), 4: set([2]), 5: set([1]), 6: set([2])}
1 1 0.159282624722 0 0.0 557.0 2048.0 1375
1 2 0.0 0 0.0 0.0 2039.0 0
2 1 0.0 0 0.0 0.0 2048.0 0
2 2 0.161292691005 0 0.0 552.0 2039.0 1349
3 1 0.162848889828 0 0.0 555.0 2048.0 1347
3 2 0.0 0 0.0 0.0 2039.0 0
4 1 0.0 0 0.0 0.0 2048.0 0
4 2 0.162273563982 0 0.0 554.0 2039.0 1349
5 1 0.16237616539 0 0.0 563.0 2048.0 1374
5 2 0.0 0 0.0 0.0 2039.0 0
6 1 0.0 0 0.0 0.0 2048.0 0
6 2 0.159148203942 0 0.0 558.0 2039.0 1380
{1: 0.1592826247215271, 2: 0.16129269100504845, 3: 0.16284888982772827, 4: 0.16227356398199794, 5: 0.16237616539001465, 6: 0.15914820394172394} {1: 0, 2: 0, 3: 0, 4: 0, 5: 0, 6: 0}
0.17 0 0.322084972243
./new_config_single/with_0_coupling/Test_config(70%)/test_config0.18.txt
{1: set([1]), 2: set([2]), 3: set([1]), 4: set([2]), 5: set([1]), 6: set([2])}
1 1 0.163462986151 0 0.0 586.0 2133.0 1423
1 2 0.0 0 0.0 0.0 2157.0 0
2 1 0.0 0 0.0 0.0 2133.0 0
2 2 0.162723375436 0 0.0 593.0 2157.0 1445
3 1 0.159391993607 0 0.0 581.0 2133.0 1434
3 2 0.0 0 0.0 0.0 2157.0 0
4 1 0.0 0 0.0 0.0 2133.0 0
4 2 0.159477321414 0 0.0 581.0 2157.0 1430
5 1 0.159546894304 0 0.0 573.0 2133.0 1409
5 2 0.0 0 0.0 0.0 2157.0 0
6 1 0.0 0 0.0 0.0 2133.0 0
6 2 0.161335134028 0 0.0 588.0 2157.0 1439
{1: 0.16346298615136112, 2: 0.16272337543623, 3: 0.159391993606596, 4: 0.15947732141410192, 5: 0.15954689430420405, 6: 0.1613351340279484} {1: 0, 2: 0, 3: 0, 4: 0, 5: 0, 6: 0}
0.18 0 0.321657255745
./new_config_single/with_0_coupling/Test_config(70%)/test_config0.19.txt
{1: set([1]), 2: set([2]), 3: set([1]), 4: set([2]), 5: set([1]), 6: set([2])}
1 1 0.159884427296 0 0.0 615.0 2269.0 1513
1 2 0.0 0 0.0 0.0 2263.0 0
2 1 0.0 0 0.0 0.0 2269.0 0
2 2 0.161333867326 0 0.0 613.0 2263.0 1498
3 1 0.16120504176 0 0.0 616.0 2269.0 1507
3 2 0.0 0 0.0 0.0 2263.0 0
4 1 0.0 0 0.0 0.0 2269.0 0
4 2 0.162354093372 0 0.0 625.0 2263.0 1527
5 1 0.161352127405 0 0.0 620.0 2269.0 1518
5 2 0.0 0 0.0 0.0 2263.0 0
6 1 0.0 0 0.0 0.0 2269.0 0
6 2 0.158243313197 0 0.0 607.0 2263.0 1501
{1: 0.15988442729637645, 2: 0.16133386732599533, 3: 0.1612050417598921, 4: 0.1623540933720406, 5: 0.1613521274052072, 6: 0.15824331319665488} {1: 0, 2: 0, 3: 0, 4: 0, 5: 0, 6: 0}
0.19 0 0.321136165829
./new_config_single/with_0_coupling/Test_config(70%)/test_config0.2.txt
{1: set([1]), 2: set([2]), 3: set([1]), 4: set([2]), 5: set([1]), 6: set([2])}
1 1 0.16201335744 0 0.0 645.0 2364.0 1574
1 2 0.0 0 0.0 0.0 2393.0 0
2 1 0.0 0 0.0 0.0 2364.0 0
2 2 0.16222304608 0 0.0 659.0 2393.0 1610
3 1 0.162435429854 0 0.0 645.0 2364.0 1571
3 2 0.0 0 0.0 0.0 2393.0 0
4 1 0.0 0 0.0 0.0 2364.0 0
4 2 0.15860994309 0 0.0 644.0 2393.0 1591
5 1 0.156935202244 0 0.0 636.0 2364.0 1583
5 2 0.0 0 0.0 0.0 2393.0 0
6 1 0.0 0 0.0 0.0 2364.0 0
6 2 0.161949185263 0 0.0 650.0 2393.0 1585
{1: 0.16201335743999817, 2: 0.16222304607969093, 3: 0.1624354298544725, 4: 0.1586099430903864, 5: 0.15693520224403845, 6: 0.16194918526297886} {1: 0, 2: 0, 3: 0, 4: 0, 5: 0, 6: 0}
0.2 0 0.321067332603
./new_config_single/with_0_coupling/Test_config(70%)/test_config0.21.txt
{1: set([1]), 2: set([2]), 3: set([1]), 4: set([2]), 5: set([1]), 6: set([2])}
1 1 0.160202830719 0 0.0 663.0 2483.0 1623
1 2 0.0 0 0.0 0.0 2480.0 0
2 1 0.0 0 0.0 0.0 2483.0 0
2 2 0.16084010796 0 0.0 672.0 2480.0 1646
3 1 0.161673199748 0 0.0 689.0 2483.0 1690
3 2 0.0 0 0.0 0.0 2480.0 0
4 1 0.0 0 0.0 0.0 2483.0 0
4 2 0.158556801184 0 0.0 670.0 2480.0 1657
5 1 0.15984226368 0 0.0 672.0 2483.0 1653
5 2 0.0 0 0.0 0.0 2480.0 0
6 1 0.0 0 0.0 0.0 2483.0 0
6 2 0.160572930216 0 0.0 675.0 2480.0 1657
{1: 0.16020283071888441, 2: 0.1608401079604579, 3: 0.1616731997478139, 4: 0.15855680118366283, 5: 0.15984226367977233, 6: 0.1605729302159209} {1: 0, 2: 0, 3: 0, 4: 0, 5: 0, 6: 0}
0.21 0 0.320242148458
./new_config_single/with_0_coupling/Test_config(70%)/test_config0.22.txt
{1: set([1]), 2: set([2]), 3: set([1]), 4: set([2]), 5: set([1]), 6: set([2])}
1 1 0.159206888658 0 0.0 699.0 2592.0 1723
1 2 0.0 0 0.0 0.0 2586.0 0
2 1 0.0 0 0.0 0.0 2592.0 0
2 2 0.159448274037 0 0.0 700.0 2586.0 1725
3 1 0.161262418017 0 0.0 703.0 2592.0 1719
3 2 0.0 0 0.0 0.0 2586.0 0
4 1 0.0 0 0.0 0.0 2592.0 0
4 2 0.161761169819 0 0.0 701.0 2586.0 1710
5 1 0.158300319835 0 0.0 703.0 2592.0 1742
5 2 0.0 0 0.0 0.0 2586.0 0
6 1 0.0 0 0.0 0.0 2592.0 0
6 2 0.15866859836 0 0.0 702.0 2586.0 1737
{1: 0.1592068886578837, 2: 0.15944827403671025, 3: 0.16126241801697533, 4: 0.16176116981856614, 5: 0.15830031983500992, 6: 0.1586685983602586} {1: 0, 2: 0, 3: 0, 4: 0, 5: 0, 6: 0}
0.22 0 0.319229673686
./new_config_single/with_0_coupling/Test_config(70%)/test_config0.23.txt
{1: set([1]), 2: set([2]), 3: set([1]), 4: set([2]), 5: set([1]), 6: set([2])}
1 1 0.160005123384 0 0.0 731.0 2713.0 1795
1 2 0.0 0 0.0 0.0 2713.0 0
2 1 0.0 0 0.0 0.0 2713.0 0
2 2 0.159642777421 0 0.0 734.0 2713.0 1807
3 1 0.159639007229 0 0.0 731.0 2713.0 1798
3 2 0.0 0 0.0 0.0 2713.0 0
4 1 0.0 0 0.0 0.0 2713.0 0
4 2 0.162074177259 0 0.0 732.0 2713.0 1781
5 1 0.161588603778 0 0.0 748.0 2713.0 1833
5 2 0.0 0 0.0 0.0 2713.0 0
6 1 0.0 0 0.0 0.0 2713.0 0
6 2 0.159490780965 0 0.0 744.0 2713.0 1838
{1: 0.16000512338443904, 2: 0.15964277742053423, 3: 0.15963900722912125, 4: 0.16207417725931944, 5: 0.16158860377788126, 6: 0.15949078096492172} {1: 0, 2: 0, 3: 0, 4: 0, 5: 0, 6: 0}
0.23 0 0.320492676522
./new_config_single/with_0_coupling/Test_config(70%)/test_config0.24.txt
{1: set([1]), 2: set([2]), 3: set([1]), 4: set([2]), 5: set([1]), 6: set([2])}
1 1 0.158889310316 0 0.0 753.0 2811.0 1856
1 2 0.0 0 0.0 0.0 2818.0 0
2 1 0.0 0 0.0 0.0 2811.0 0
2 2 0.159490520486 0 0.0 763.0 2818.0 1880
3 1 0.159010043508 0 0.0 754.0 2811.0 1858
3 2 0.0 0 0.0 0.0 2818.0 0
4 1 0.0 0 0.0 0.0 2811.0 0
4 2 0.160778719738 0 0.0 773.0 2818.0 1899
5 1 0.160878876893 0 0.0 776.0 2811.0 1908
5 2 0.0 0 0.0 0.0 2818.0 0
6 1 0.0 0 0.0 0.0 2811.0 0
6 2 0.159357510347 0 0.0 755.0 2818.0 1857
{1: 0.15888931031606912, 2: 0.15949052048551313, 3: 0.15901004350824333, 4: 0.16077871973791116, 5: 0.16087887689276809, 6: 0.1593575103474017} {1: 0, 2: 0, 3: 0, 4: 0, 5: 0, 6: 0}
0.24 0 0.319148858769
./new_config_single/with_0_coupling/Test_config(70%)/test_config0.25.txt
{1: set([1]), 2: set([2]), 3: set([1]), 4: set([2]), 5: set([1]), 6: set([2])}
1 1 0.158301248259 0 0.0 790.0 2917.0 1957
1 2 0.0 0 0.0 0.0 2910.0 0
2 1 0.0 0 0.0 0.0 2917.0 0
2 2 0.157613159977 0 0.0 786.0 2910.0 1952
3 1 0.160699122999 0 0.0 788.0 2917.0 1930
3 2 0.0 0 0.0 0.0 2910.0 0
4 1 0.0 0 0.0 0.0 2917.0 0
4 2 0.158645947733 0 0.0 788.0 2910.0 1949
5 1 0.159448284024 0 0.0 790.0 2917.0 1947
5 2 0.0 0 0.0 0.0 2910.0 0
6 1 0.0 0 0.0 0.0 2917.0 0
6 2 0.162071745728 0 0.0 788.0 2910.0 1919
{1: 0.15830124825932038, 2: 0.15761315997685432, 3: 0.16069912299948907, 4: 0.15864594773325774, 5: 0.15944828402391903, 6: 0.1620717457280854} {1: 0, 2: 0, 3: 0, 4: 0, 5: 0, 6: 0}
0.25 0 0.318607576404
./new_config_single/with_0_coupling/Test_config(70%)/test_config0.26.txt
{1: set([1]), 2: set([2]), 3: set([1]), 4: set([2]), 5: set([1]), 6: set([2])}
1 1 0.159101961105 0 0.0 818.0 3042.0 2016
1 2 0.0 0 0.0 0.0 3020.0 0
2 1 0.0 0 0.0 0.0 3042.0 0
2 2 0.160004796939 0 0.0 822.0 3020.0 2023
3 1 0.159977172532 0 0.0 820.0 3042.0 2014
3 2 0.0 0 0.0 0.0 3020.0 0
4 1 0.0 0 0.0 0.0 3042.0 0
4 2 0.157356448182 0 0.0 808.0 3020.0 2005
5 1 0.158210972314 0 0.0 828.0 3042.0 2054
5 2 0.0 0 0.0 0.0 3020.0 0
6 1 0.0 0 0.0 0.0 3042.0 0
6 2 0.158241305206 0 0.0 813.0 3020.0 2012
{1: 0.1591019611046921, 2: 0.16000479693873076, 3: 0.15997717253217178, 4: 0.1573564481820973, 5: 0.15821097231353642, 6: 0.15824130520591206} {1: 0, 2: 0, 3: 0, 4: 0, 5: 0, 6: 0}
0.26 0 0.31731325454
./new_config_single/with_0_coupling/Test_config(70%)/test_config0.27.txt
{1: set([1]), 2: set([2]), 3: set([1]), 4: set([2]), 5: set([1]), 6: set([2])}
1 1 0.159836098828 0 0.0 853.0 3140.0 2100
1 2 0.0 0 0.0 0.0 3146.0 0
2 1 0.0 0 0.0 0.0 3140.0 0
2 2 0.157386886505 0 0.0 834.0 3146.0 2065
3 1 0.159624629802 0 0.0 849.0 3140.0 2090
3 2 0.0 0 0.0 0.0 3146.0 0
4 1 0.0 0 0.0 0.0 3140.0 0
4 2 0.161105066262 0 0.0 865.0 3146.0 2123
5 1 0.158987687127 0 0.0 847.0 3140.0 2090
5 2 0.0 0 0.0 0.0 3146.0 0
6 1 0.0 0 0.0 0.0 3140.0 0
6 2 0.159001490909 0 0.0 852.0 3146.0 2104
{1: 0.15983609882753863, 2: 0.15738688650539195, 3: 0.1596246298024261, 4: 0.16110506626240892, 5: 0.15898768712726685, 6: 0.15900149090925253} {1: 0, 2: 0, 3: 0, 4: 0, 5: 0, 6: 0}
0.27 0 0.318328639192
./new_config_single/with_0_coupling/Test_config(70%)/test_config0.28.txt
{1: set([1]), 2: set([2]), 3: set([1]), 4: set([2]), 5: set([1]), 6: set([2])}
1 1 0.159116586707 0 0.0 878.0 3270.0 2163
1 2 0.0 0 0.0 0.0 3256.0 0
2 1 0.0 0 0.0 0.0 3270.0 0
2 2 0.160455239694 0 0.0 886.0 3256.0 2176
3 1 0.159936008941 0 0.0 890.0 3270.0 2191
3 2 0.0 0 0.0 0.0 3256.0 0
4 1 0.0 0 0.0 0.0 3270.0 0
4 2 0.158297816467 0 0.0 871.0 3256.0 2152
5 1 0.159836059441 0 0.0 888.0 3270.0 2186
5 2 0.0 0 0.0 0.0 3256.0 0
6 1 0.0 0 0.0 0.0 3270.0 0
6 2 0.159018466758 0 0.0 884.0 3256.0 2184
{1: 0.1591165867070673, 2: 0.16045523969356895, 3: 0.15993600894051194, 4: 0.15829781646734964, 5: 0.15983605944131152, 6: 0.15901846675802447} {1: 0, 2: 0, 3: 0, 4: 0, 5: 0, 6: 0}
0.28 0 0.318567839277
./new_config_single/with_0_coupling/Test_config(70%)/test_config0.29.txt
{1: set([1]), 2: set([2]), 3: set([1]), 4: set([2]), 5: set([1]), 6: set([2])}
1 1 0.157671022683 0 0.0 899.0 3378.0 2225
1 2 0.0 0 0.0 0.0 3363.0 0
2 1 0.0 0 0.0 0.0 3378.0 0
2 2 0.159375845784 0 0.0 915.0 3363.0 2258
3 1 0.160035541506 0 0.0 926.0 3378.0 2282
3 2 0.0 0 0.0 0.0 3363.0 0
4 1 0.0 0 0.0 0.0 3378.0 0
4 2 0.157496850731 0 0.0 906.0 3363.0 2250
5 1 0.159759029187 0 0.0 914.0 3378.0 2249
5 2 0.0 0 0.0 0.0 3363.0 0
6 1 0.0 0 0.0 0.0 3378.0 0
6 2 0.159765243658 0 0.0 903.0 3363.0 2218
{1: 0.15767102268325572, 2: 0.15937584578429498, 3: 0.16003554150581145, 4: 0.157496850731434, 5: 0.15975902918652052, 6: 0.15976524365793854} {1: 0, 2: 0, 3: 0, 4: 0, 5: 0, 6: 0}
0.29 0 0.317716476672
./new_config_single/with_0_coupling/Test_config(70%)/test_config0.3.txt
{1: set([1]), 2: set([2]), 3: set([1]), 4: set([2]), 5: set([1]), 6: set([2])}
1 1 0.159632634386 0 0.0 932.0 3462.0 2292
1 2 0.0 0 0.0 0.0 3469.0 0
2 1 0.0 0 0.0 0.0 3462.0 0
2 2 0.158573390756 0 0.0 930.0 3469.0 2296
3 1 0.158001071967 0 0.0 931.0 3462.0 2306
3 2 0.0 0 0.0 0.0 3469.0 0
4 1 0.0 0 0.0 0.0 3462.0 0
4 2 0.159530598446 0 0.0 946.0 3469.0 2334
5 1 0.157224129536 0 0.0 935.0 3462.0 2326
5 2 0.0 0 0.0 0.0 3469.0 0
6 1 0.0 0 0.0 0.0 3462.0 0
6 2 0.158002174014 0 0.0 932.0 3469.0 2308
{1: 0.15963263438550968, 2: 0.1585733907563769, 3: 0.15800107196696256, 4: 0.15953059844551595, 5: 0.1572241295357936, 6: 0.15800217401402578} {1: 0, 2: 0, 3: 0, 4: 0, 5: 0, 6: 0}
0.3 0 0.316671011702
./new_config_single/with_0_coupling/Test_config(70%)/test_config0.31.txt
{1: set([1]), 2: set([2]), 3: set([1]), 4: set([2]), 5: set([1]), 6: set([2])}
1 1 0.158314590295 0 0.0 961.0 3559.0 2379
1 2 0.0 0 0.0 0.0 3572.0 0
2 1 0.0 0 0.0 0.0 3559.0 0
2 2 0.158516230348 0 0.0 965.0 3572.0 2387
3 1 0.156907806517 0 0.0 950.0 3559.0 2361
3 2 0.0 0 0.0 0.0 3572.0 0
4 1 0.0 0 0.0 0.0 3559.0 0
4 2 0.158049899586 0 0.0 960.0 3572.0 2377
5 1 0.159251413238 0 0.0 964.0 3559.0 2378
5 2 0.0 0 0.0 0.0 3572.0 0
6 1 0.0 0 0.0 0.0 3559.0 0
6 2 0.160289874337 0 0.0 969.0 3572.0 2380
{1: 0.15831459029544195, 2: 0.15851623034827303, 3: 0.1569078065170587, 4: 0.15804989958605506, 5: 0.15925141323782036, 6: 0.16028987433679143} {1: 0, 2: 0, 3: 0, 4: 0, 5: 0, 6: 0}
0.31 0 0.316792828169
./new_config_single/with_0_coupling/Test_config(70%)/test_config0.32.txt
{1: set([1]), 2: set([2]), 3: set([1]), 4: set([2]), 5: set([1]), 6: set([2])}
1 1 0.158397732589 0 0.0 1001.0 3686.0 2480
1 2 0.0 0 0.0 0.0 3694.0 0
2 1 0.0 0 0.0 0.0 3686.0 0
2 2 0.157942216838 0 0.0 997.0 3694.0 2472
3 1 0.158134900015 0 0.0 990.0 3686.0 2450
3 2 0.0 0 0.0 0.0 3694.0 0
4 1 0.0 0 0.0 0.0 3686.0 0
4 2 0.158290734855 0 0.0 986.0 3694.0 2435
5 1 0.15939761512 0 0.0 992.0 3686.0 2442
5 2 0.0 0 0.0 0.0 3694.0 0
6 1 0.0 0 0.0 0.0 3686.0 0
6 2 0.159020491973 0 0.0 1004.0 3694.0 2481
{1: 0.15839773258879558, 2: 0.15794221683767617, 3: 0.15813490001469094, 4: 0.1582907348547184, 5: 0.15939761512007866, 6: 0.1590204919726717} {1: 0, 2: 0, 3: 0, 4: 0, 5: 0, 6: 0}
0.32 0 0.316744169232
./new_config_single/with_0_coupling/Test_config(70%)/test_config0.33.txt
{1: set([1]), 2: set([2]), 3: set([1]), 4: set([2]), 5: set([1]), 6: set([2])}
1 1 0.157659743162 0 0.0 1028.0 3802.0 2553
1 2 0.0 0 0.0 0.0 3787.0 0
2 1 0.0 0 0.0 0.0 3802.0 0
2 2 0.159322865202 0 0.0 1012.0 3787.0 2488
3 1 0.158978299442 0 0.0 1023.0 3802.0 2523
3 2 0.0 0 0.0 0.0 3787.0 0
4 1 0.0 0 0.0 0.0 3802.0 0
4 2 0.156850489657 0 0.0 1029.0 3787.0 2567
5 1 0.159856616344 0 0.0 1028.0 3802.0 2528
5 2 0.0 0 0.0 0.0 3787.0 0
6 1 0.0 0 0.0 0.0 3802.0 0
6 2 0.158201476442 0 0.0 1018.0 3787.0 2519
{1: 0.15765974316239328, 2: 0.1593228652020599, 3: 0.15897829944150219, 4: 0.15685048965688003, 5: 0.15985661634384407, 6: 0.1582014764420328} {1: 0, 2: 0, 3: 0, 4: 0, 5: 0, 6: 0}
0.33 0 0.316639540253
./new_config_single/with_0_coupling/Test_config(70%)/test_config0.34.txt
{1: set([1]), 2: set([2]), 3: set([1]), 4: set([2]), 5: set([1]), 6: set([2])}
1 1 0.158131148555 0 0.0 1055.0 3906.0 2614
1 2 0.0 0 0.0 0.0 3912.0 0
2 1 0.0 0 0.0 0.0 3906.0 0
2 2 0.159167325329 0 0.0 1060.0 3912.0 2616
3 1 0.158039517499 0 0.0 1044.0 3906.0 2582
3 2 0.0 0 0.0 0.0 3912.0 0
4 1 0.0 0 0.0 0.0 3906.0 0
4 2 0.158820335076 0 0.0 1049.0 3912.0 2587
5 1 0.161799995753 0 0.0 1070.0 3906.0 2616
5 2 0.0 0 0.0 0.0 3912.0 0
6 1 0.0 0 0.0 0.0 3906.0 0
6 2 0.15797269936 0 0.0 1057.0 3912.0 2621
{1: 0.1581311485553099, 2: 0.15916732532901756, 3: 0.15803951749891, 4: 0.15882033507617482, 5: 0.16179999575272355, 6: 0.15797269936036562} {1: 0, 2: 0, 3: 0, 4: 0, 5: 0, 6: 0}
0.34 0 0.317659030184
./new_config_single/with_0_coupling/Test_config(70%)/test_config0.35.txt
{1: set([1]), 2: set([2]), 3: set([1]), 4: set([2]), 5: set([1]), 6: set([2])}
1 1 0.15847763205 0 0.0 1072.0 3990.0 2649
1 2 0.0 0 0.0 0.0 4003.0 0
2 1 0.0 0 0.0 0.0 3990.0 0
2 2 0.158242219534 0 0.0 1077.0 4003.0 2665
3 1 0.156556789844 0 0.0 1065.0 3990.0 2651
3 2 0.0 0 0.0 0.0 4003.0 0
4 1 0.0 0 0.0 0.0 3990.0 0
4 2 0.159655661077 0 0.0 1088.0 4003.0 2681
5 1 0.158640335174 0 0.0 1083.0 3990.0 2680
5 2 0.0 0 0.0 0.0 4003.0 0
6 1 0.0 0 0.0 0.0 3990.0 0
6 2 0.156159485432 0 0.0 1067.0 4003.0 2660
{1: 0.15847763205004994, 2: 0.15824221953444984, 3: 0.1565567898442849, 4: 0.15965566107707502, 5: 0.15864033517377402, 6: 0.1561594854321412} {1: 0, 2: 0, 3: 0, 4: 0, 5: 0, 6: 0}
0.35 0 0.315594796996
./new_config_single/with_0_coupling/Test_config(70%)/test_config0.36.txt
{1: set([1]), 2: set([2]), 3: set([1]), 4: set([2]), 5: set([1]), 6: set([2])}
1 1 0.15878461764 0 0.0 1111.0 4097.0 2747
1 2 0.0 0 0.0 0.0 4121.0 0
2 1 0.0 0 0.0 0.0 4097.0 0
2 2 0.160047176997 0 0.0 1116.0 4121.0 2743
3 1 0.158602510073 0 0.0 1092.0 4097.0 2692
3 2 0.0 0 0.0 0.0 4121.0 0
4 1 0.0 0 0.0 0.0 4097.0 0
4 2 0.156568742753 0 0.0 1101.0 4121.0 2741
5 1 0.156664562061 0 0.0 1105.0 4097.0 2755
5 2 0.0 0 0.0 0.0 4121.0 0
6 1 0.0 0 0.0 0.0 4097.0 0
6 2 0.156648544829 0 0.0 1107.0 4121.0 2758
{1: 0.15878461764023744, 2: 0.16004717699679336, 3: 0.15860251007288534, 4: 0.156568742753262, 5: 0.1566645620610138, 6: 0.1566485448288049} {1: 0, 2: 0, 3: 0, 4: 0, 5: 0, 6: 0}
0.36 0 0.3154562794
./new_config_single/with_0_coupling/Test_config(70%)/test_config0.37.txt
{1: set([1]), 2: set([2]), 3: set([1]), 4: set([2]), 5: set([1]), 6: set([2])}
1 1 0.15520935876 0 0.0 1111.0 4180.0 2780
1 2 0.0 0 0.0 0.0 4218.0 0
2 1 0.0 0 0.0 0.0 4180.0 0
2 2 0.157657643606 0 0.0 1134.0 4218.0 2813
3 1 0.160548922873 0 0.0 1130.0 4180.0 2770
3 2 0.0 0 0.0 0.0 4218.0 0
4 1 0.0 0 0.0 0.0 4180.0 0
4 2 0.157262399219 0 0.0 1131.0 4218.0 2809
5 1 0.158073018017 0 0.0 1133.0 4180.0 2810
5 2 0.0 0 0.0 0.0 4218.0 0
6 1 0.0 0 0.0 0.0 4180.0 0
6 2 0.159238129347 0 0.0 1141.0 4218.0 2814
{1: 0.1552093587601016, 2: 0.15765764360602275, 3: 0.16054892287264488, 4: 0.15726239921886398, 5: 0.1580730180169868, 6: 0.15923812934743536} {1: 0, 2: 0, 3: 0, 4: 0, 5: 0, 6: 0}
0.37 0 0.315680494117
./new_config_single/with_0_coupling/Test_config(70%)/test_config0.38.txt
{1: set([1]), 2: set([2]), 3: set([1]), 4: set([2]), 5: set([1]), 6: set([2])}
1 1 0.156941007159 0 0.0 1154.0 4313.0 2869
1 2 0.0 0 0.0 0.0 4304.0 0
2 1 0.0 0 0.0 0.0 4313.0 0
2 2 0.158578980304 0 0.0 1153.0 4304.0 2846
3 1 0.156168306699 0 0.0 1151.0 4313.0 2870
3 2 0.0 0 0.0 0.0 4304.0 0
4 1 0.0 0 0.0 0.0 4313.0 0
4 2 0.157424436484 0 0.0 1157.0 4304.0 2873
5 1 0.159722003085 0 0.0 1172.0 4313.0 2887
5 2 0.0 0 0.0 0.0 4304.0 0
6 1 0.0 0 0.0 0.0 4313.0 0
6 2 0.15757429276 0 0.0 1163.0 4304.0 2889
{1: 0.15694100715897336, 2: 0.1585789803036166, 3: 0.15616830669914566, 4: 0.15742443648425947, 5: 0.1597220030847272, 6: 0.15757429276043036} {1: 0, 2: 0, 3: 0, 4: 0, 5: 0, 6: 0}
0.38 0 0.315154205822
./new_config_single/with_0_coupling/Test_config(70%)/test_config0.39.txt
{1: set([1]), 2: set([2]), 3: set([1]), 4: set([2]), 5: set([1]), 6: set([2])}
1 1 0.15732535121 0 0.0 1182.0 4407.0 2935
1 2 0.0 0 0.0 0.0 4402.0 0
2 1 0.0 0 0.0 0.0 4407.0 0
2 2 0.156893481258 0 0.0 1196.0 4402.0 2983
3 1 0.157247654409 0 0.0 1187.0 4407.0 2951
3 2 0.0 0 0.0 0.0 4402.0 0
4 1 0.0 0 0.0 0.0 4407.0 0
4 2 0.157934683256 0 0.0 1164.0 4402.0 2873
5 1 0.158534375737 0 0.0 1185.0 4407.0 2928
5 2 0.0 0 0.0 0.0 4402.0 0
6 1 0.0 0 0.0 0.0 4407.0 0
6 2 0.157299942759 0 0.0 1186.0 4402.0 2948
{1: 0.15732535120987923, 2: 0.15689348125805438, 3: 0.15724765440874766, 4: 0.15793468325598975, 5: 0.1585343757370963, 6: 0.15729994275866094} {1: 0, 2: 0, 3: 0, 4: 0, 5: 0, 6: 0}
0.39 0 0.314763417713
./new_config_single/with_0_coupling/Test_config(70%)/test_config0.4.txt
{1: set([1]), 2: set([2]), 3: set([1]), 4: set([2]), 5: set([1]), 6: set([2])}
1 1 0.157396457999 0 0.0 1211.0 4501.0 3008
1 2 0.0 0 0.0 0.0 4506.0 0
2 1 0.0 0 0.0 0.0 4501.0 0
2 2 0.157245731834 0 0.0 1194.0 4506.0 2958
3 1 0.159245907535 0 0.0 1212.0 4501.0 2986
3 2 0.0 0 0.0 0.0 4506.0 0
4 1 0.0 0 0.0 0.0 4501.0 0
4 2 0.157709124925 0 0.0 1219.0 4506.0 3027
5 1 0.156952112298 0 0.0 1209.0 4501.0 3008
5 2 0.0 0 0.0 0.0 4506.0 0
6 1 0.0 0 0.0 0.0 4501.0 0
6 2 0.157709124925 0 0.0 1219.0 4506.0 3027
{1: 0.15739645799908886, 2: 0.1572457318338088, 3: 0.15924590753512477, 4: 0.1577091249247194, 5: 0.15695211229813355, 6: 0.1577091249247194} {1: 0, 2: 0, 3: 0, 4: 0, 5: 0, 6: 0}
0.4 0 0.315104067019
./new_config_single/with_0_coupling/Test_config(70%)/test_config0.41.txt
{1: set([1]), 2: set([2]), 3: set([1]), 4: set([2]), 5: set([1]), 6: set([2])}
1 1 0.155368181965 0 0.0 1230.0 4594.0 3080
1 2 0.0 0 0.0 0.0 4626.0 0
2 1 0.0 0 0.0 0.0 4594.0 0
2 2 0.159025302296 0 0.0 1244.0 4626.0 3067
3 1 0.157539426035 0 0.0 1225.0 4594.0 3035
3 2 0.0 0 0.0 0.0 4626.0 0
4 1 0.0 0 0.0 0.0 4594.0 0
4 2 0.156362015836 0 0.0 1235.0 4626.0 3077
5 1 0.157184436306 0 0.0 1236.0 4594.0 3073
5 2 0.0 0 0.0 0.0 4626.0 0
6 1 0.0 0 0.0 0.0 4594.0 0
6 2 0.156499972243 0 0.0 1246.0 4626.0 3108
{1: 0.15536818196549834, 2: 0.15902530229614414, 3: 0.1575394260348671, 4: 0.1563620158359796, 5: 0.15718443630644652, 6: 0.15649997224282983} {1: 0, 2: 0, 3: 0, 4: 0, 5: 0, 6: 0}
0.41 0 0.313679118449
./new_config_single/with_0_coupling/Test_config(70%)/test_config0.42.txt
{1: set([1]), 2: set([2]), 3: set([1]), 4: set([2]), 5: set([1]), 6: set([2])}
1 1 0.159194002254 0 0.0 1268.0 4727.0 3122
1 2 0.0 0 0.0 0.0 4727.0 0
2 1 0.0 0 0.0 0.0 4727.0 0
2 2 0.157146207915 0 0.0 1257.0 4727.0 3118
3 1 0.155112992089 0 0.0 1261.0 4727.0 3159
3 2 0.0 0 0.0 0.0 4727.0 0
4 1 0.0 0 0.0 0.0 4727.0 0
4 2 0.157650984722 0 0.0 1274.0 4727.0 3162
5 1 0.156871319597 0 0.0 1274.0 4727.0 3173
5 2 0.0 0 0.0 0.0 4727.0 0
6 1 0.0 0 0.0 0.0 4727.0 0
6 2 0.158069610686 0 0.0 1280.0 4727.0 3174
{1: 0.1591940022544221, 2: 0.1571462079151456, 3: 0.1551129920885779, 4: 0.15765098472203198, 5: 0.15687131959684628, 6: 0.1580696106863564} {1: 0, 2: 0, 3: 0, 4: 0, 5: 0, 6: 0}
0.42 0 0.314367024049
./new_config_single/with_0_coupling/Test_config(70%)/test_config0.43.txt
{1: set([1]), 2: set([2]), 3: set([1]), 4: set([2]), 5: set([1]), 6: set([2])}
1 1 0.156692016921 0 0.0 1279.0 4797.0 3181
1 2 0.0 0 0.0 0.0 4773.0 0
2 1 0.0 0 0.0 0.0 4797.0 0
2 2 0.1574121298 0 0.0 1285.0 4773.0 3192
3 1 0.155092144441 0 0.0 1284.0 4797.0 3219
3 2 0.0 0 0.0 0.0 4773.0 0
4 1 0.0 0 0.0 0.0 4797.0 0
4 2 0.155874656174 0 0.0 1279.0 4773.0 3196
5 1 0.158710131223 0 0.0 1293.0 4797.0 3194
5 2 0.0 0 0.0 0.0 4773.0 0
6 1 0.0 0 0.0 0.0 4797.0 0
6 2 0.155591137013 0 0.0 1265.0 4773.0 3158
{1: 0.15669201692097098, 2: 0.15741212980041858, 3: 0.15509214444143288, 4: 0.1558746561743068, 5: 0.15871013122343985, 6: 0.15559113701279664} {1: 0, 2: 0, 3: 0, 4: 0, 5: 0, 6: 0}
0.43 0 0.312810947786
./new_config_single/with_0_coupling/Test_config(70%)/test_config0.44.txt
{1: set([1]), 2: set([2]), 3: set([1]), 4: set([2]), 5: set([1]), 6: set([2])}
1 1 0.158053733503 0 0.0 1326.0 4928.0 3284
1 2 0.0 0 0.0 0.0 4906.0 0
2 1 0.0 0 0.0 0.0 4928.0 0
2 2 0.157650820754 0 0.0 1314.0 4906.0 3257
3 1 0.155321697377 0 0.0 1330.0 4928.0 3336
3 2 0.0 0 0.0 0.0 4906.0 0
4 1 0.0 0 0.0 0.0 4928.0 0
4 2 0.158126955122 0 0.0 1317.0 4906.0 3259
5 1 0.15823161974 0 0.0 1311.0 4928.0 3236
5 2 0.0 0 0.0 0.0 4906.0 0
6 1 0.0 0 0.0 0.0 4928.0 0
6 2 0.155607774302 0 0.0 1317.0 4906.0 3296
{1: 0.15805373350269858, 2: 0.15765082075427328, 3: 0.15532169737729803, 4: 0.15812695512155223, 5: 0.15823161973983813, 6: 0.15560777430200612} {1: 0, 2: 0, 3: 0, 4: 0, 5: 0, 6: 0}
0.44 0 0.314016536066
./new_config_single/with_0_coupling/Test_config(70%)/test_config0.45.txt
{1: set([1]), 2: set([2]), 3: set([1]), 4: set([2]), 5: set([1]), 6: set([2])}
1 1 0.156387838689 0 0.0 1341.0 4968.0 3348
1 2 0.0 0 0.0 0.0 5011.0 0
2 1 0.0 0 0.0 0.0 4968.0 0
2 2 0.156677530546 0 0.0 1342.0 5011.0 3341
3 1 0.156193843497 0 0.0 1320.0 4968.0 3288
3 2 0.0 0 0.0 0.0 5011.0 0
4 1 0.0 0 0.0 0.0 4968.0 0
4 2 0.156607289945 0 0.0 1348.0 5011.0 3360
5 1 0.155393066349 0 0.0 1320.0 4968.0 3300
5 2 0.0 0 0.0 0.0 5011.0 0
6 1 0.0 0 0.0 0.0 4968.0 0
6 2 0.156407599549 0 0.0 1334.0 5011.0 3321
{1: 0.15638783868935097, 2: 0.15667753054634823, 3: 0.15619384349693108, 4: 0.15660728994495882, 5: 0.15539306634927308, 6: 0.1564075995492017} {1: 0, 2: 0, 3: 0, 4: 0, 5: 0, 6: 0}
0.45 0 0.312243167136
./new_config_single/with_0_coupling/Test_config(70%)/test_config0.46.txt
{1: set([1]), 2: set([2]), 3: set([1]), 4: set([2]), 5: set([1]), 6: set([2])}
1 1 0.156363212663 0 0.0 1362.0 5090.0 3395
1 2 0.0 0 0.0 0.0 5111.0 0
2 1 0.0 0 0.0 0.0 5090.0 0
2 2 0.154611223099 0 0.0 1355.0 5111.0 3398
3 1 0.156163169048 0 0.0 1354.0 5090.0 3374
3 2 0.0 0 0.0 0.0 5111.0 0
4 1 0.0 0 0.0 0.0 5090.0 0
4 2 0.157805225271 0 0.0 1369.0 5111.0 3391
5 1 0.156884130832 0 0.0 1370.0 5090.0 3411
5 2 0.0 0 0.0 0.0 5111.0 0
6 1 0.0 0 0.0 0.0 5090.0 0
6 2 0.156431878699 0 0.0 1376.0 5111.0 3433
{1: 0.15636321266322117, 2: 0.15461122309920317, 3: 0.15616316904751798, 4: 0.157805225270756, 5: 0.15688413083167035, 6: 0.15643187869868072} {1: 0, 2: 0, 3: 0, 4: 0, 5: 0, 6: 0}
0.46 0 0.31244019359
./new_config_single/with_0_coupling/Test_config(70%)/test_config0.47.txt
{1: set([1]), 2: set([2]), 3: set([1]), 4: set([2]), 5: set([1]), 6: set([2])}
1 1 0.156923403991 0 0.0 1389.0 5195.0 3453
1 2 0.0 0 0.0 0.0 5207.0 0
2 1 0.0 0 0.0 0.0 5195.0 0
2 2 0.157254075365 0 0.0 1385.0 5207.0 3434
3 1 0.15768507514 0 0.0 1407.0 5195.0 3495
3 2 0.0 0 0.0 0.0 5207.0 0
4 1 0.0 0 0.0 0.0 5195.0 0
4 2 0.155406123126 0 0.0 1395.0 5207.0 3493
5 1 0.152428679016 0 0.0 1362.0 5195.0 3442
5 2 0.0 0 0.0 0.0 5207.0 0
6 1 0.0 0 0.0 0.0 5195.0 0
6 2 0.155792286897 0 0.0 1395.0 5207.0 3487
{1: 0.15692340399121457, 2: 0.1572540753647837, 3: 0.1576850751398074, 4: 0.15540612312634497, 5: 0.15242867901597096, 6: 0.1557922868968879} {1: 0, 2: 0, 3: 0, 4: 0, 5: 0, 6: 0}
0.47 0 0.311518051297
./new_config_single/with_0_coupling/Test_config(70%)/test_config0.48.txt
{1: set([1]), 2: set([2]), 3: set([1]), 4: set([2]), 5: set([1]), 6: set([2])}
1 1 0.154676142507 0 0.0 1419.0 5333.0 3560
1 2 0.0 0 0.0 0.0 5289.0 0
2 1 0.0 0 0.0 0.0 5333.0 0
2 2 0.156362037871 0 0.0 1413.0 5289.0 3521
3 1 0.157175079865 0 0.0 1435.0 5333.0 3568
3 2 0.0 0 0.0 0.0 5289.0 0
4 1 0.0 0 0.0 0.0 5333.0 0
4 2 0.156047061434 0 0.0 1412.0 5289.0 3523
5 1 0.157361360962 0 0.0 1426.0 5333.0 3538
5 2 0.0 0 0.0 0.0 5289.0 0
6 1 0.0 0 0.0 0.0 5333.0 0
6 2 0.155731450467 0 0.0 1414.0 5289.0 3534
{1: 0.15467614250735975, 2: 0.15636203787145703, 3: 0.15717507986476792, 4: 0.15604706143356073, 5: 0.15736136096167735, 6: 0.15573145046703274} {1: 0, 2: 0, 3: 0, 4: 0, 5: 0, 6: 0}
0.48 0 0.312138593324
./new_config_single/with_0_coupling/Test_config(70%)/test_config0.49.txt
{1: set([1]), 2: set([2]), 3: set([1]), 4: set([2]), 5: set([1]), 6: set([2])}
1 1 0.156290993484 0 0.0 1425.0 5370.0 3547
1 2 0.0 0 0.0 0.0 5371.0 0
2 1 0.0 0 0.0 0.0 5370.0 0
2 2 0.154042023748 0 0.0 1410.0 5371.0 3538
3 1 0.155860061241 0 0.0 1425.0 5370.0 3554
3 2 0.0 0 0.0 0.0 5371.0 0
4 1 0.0 0 0.0 0.0 5370.0 0
4 2 0.15646117303 0 0.0 1452.0 5371.0 3625
5 1 0.15670476889 0 0.0 1458.0 5370.0 3639
5 2 0.0 0 0.0 0.0 5371.0 0
6 1 0.0 0 0.0 0.0 5370.0 0
6 2 0.156354058552 0 0.0 1436.0 5371.0 3579
{1: 0.15629099348404304, 2: 0.15404202374814635, 3: 0.15586006124097945, 4: 0.15646117302971152, 5: 0.15670476888985985, 6: 0.1563540585519627} {1: 0, 2: 0, 3: 0, 4: 0, 5: 0, 6: 0}
0.49 0 0.311592455289
./new_config_single/with_0_coupling/Test_config(70%)/test_config0.5.txt
{1: set([1]), 2: set([2]), 3: set([1]), 4: set([2]), 5: set([1]), 6: set([2])}
1 1 0.156428666495 0 0.0 1466.0 5465.0 3655
1 2 0.0 0 0.0 0.0 5430.0 0
2 1 0.0 0 0.0 0.0 5465.0 0
2 2 0.155739717618 0 0.0 1449.0 5430.0 3620
3 1 0.154720892915 0 0.0 1449.0 5465.0 3632
3 2 0.0 0 0.0 0.0 5430.0 0
4 1 0.0 0 0.0 0.0 5465.0 0
4 2 0.15438916191 0 0.0 1441.0 5430.0 3618
5 1 0.155148926588 0 0.0 1455.0 5465.0 3643
5 2 0.0 0 0.0 0.0 5430.0 0
6 1 0.0 0 0.0 0.0 5465.0 0
6 2 0.155432746931 0 0.0 1448.0 5430.0 3622
{1: 0.15642866649534715, 2: 0.15573971761817068, 3: 0.15472089291499008, 4: 0.1543891619099946, 5: 0.15514892658847912, 6: 0.15543274693148018} {1: 0, 2: 0, 3: 0, 4: 0, 5: 0, 6: 0}
0.5 0 0.310309417449
./new_config_single/with_0_coupling/Test_config(70%)/test_config0.51.txt
{1: set([1]), 2: set([2]), 3: set([1]), 4: set([2]), 5: set([1]), 6: set([2])}
1 1 0.155182381627 0 0.0 1474.0 5544.0 3689
1 2 0.0 0 0.0 0.0 5589.0 0
2 1 0.0 0 0.0 0.0 5544.0 0
2 2 0.154707685498 0 0.0 1482.0 5589.0 3715
3 1 0.155358071737 0 0.0 1469.0 5544.0 3671
3 2 0.0 0 0.0 0.0 5589.0 0
4 1 0.0 0 0.0 0.0 5544.0 0
4 2 0.155779302 0 0.0 1498.0 5589.0 3745
5 1 0.15517445117 0 0.0 1487.0 5544.0 3728
5 2 0.0 0 0.0 0.0 5589.0 0
6 1 0.0 0 0.0 0.0 5544.0 0
6 2 0.157213062068 0 0.0 1497.0 5589.0 3718
{1: 0.1551823816265104, 2: 0.1547076854981962, 3: 0.15535807173726546, 4: 0.15577930199970735, 5: 0.1551744511701222, 6: 0.1572130620684414} {1: 0, 2: 0, 3: 0, 4: 0, 5: 0, 6: 0}
0.51 0 0.310827179715
./new_config_single/with_0_coupling/Test_config(70%)/test_config0.52.txt
{1: set([1]), 2: set([2]), 3: set([1]), 4: set([2]), 5: set([1]), 6: set([2])}
1 1 0.156924697209 0 0.0 1527.0 5697.0 3798
1 2 0.0 0 0.0 0.0 5652.0 0
2 1 0.0 0 0.0 0.0 5697.0 0
2 2 0.154045757685 0 0.0 1499.0 5652.0 3769
3 1 0.155050140639 0 0.0 1522.0 5697.0 3815
3 2 0.0 0 0.0 0.0 5652.0 0
4 1 0.0 0 0.0 0.0 5697.0 0
4 2 0.155991032303 0 0.0 1506.0 5652.0 3757
5 1 0.15423099606 0 0.0 1506.0 5697.0 3781
5 2 0.0 0 0.0 0.0 5652.0 0
6 1 0.0 0 0.0 0.0 5697.0 0
6 2 0.155991196648 0 0.0 1513.0 5652.0 3778
{1: 0.15692469720905738, 2: 0.15404575768480827, 3: 0.15505014063892225, 4: 0.15599103230341652, 5: 0.1542309960599041, 6: 0.15599119664784938} {1: 0, 2: 0, 3: 0, 4: 0, 5: 0, 6: 0}
0.52 0 0.310433862241
./new_config_single/with_0_coupling/Test_config(70%)/test_config0.53.txt
{1: set([1]), 2: set([2]), 3: set([1]), 4: set([2]), 5: set([1]), 6: set([2])}
1 1 0.154581539742 0 0.0 1526.0 5751.0 3828
1 2 0.0 0 0.0 0.0 5764.0 0
2 1 0.0 0 0.0 0.0 5751.0 0
2 2 0.15587103855 0 0.0 1542.0 5764.0 3852
3 1 0.15562483656 0 0.0 1532.0 5751.0 3828
3 2 0.0 0 0.0 0.0 5764.0 0
4 1 0.0 0 0.0 0.0 5751.0 0
4 2 0.157132118895 0 0.0 1533.0 5764.0 3803
5 1 0.155624020209 0 0.0 1538.0 5751.0 3846
5 2 0.0 0 0.0 0.0 5764.0 0
6 1 0.0 0 0.0 0.0 5751.0 0
6 2 0.154476845382 0 0.0 1541.0 5764.0 3873
{1: 0.1545815397417446, 2: 0.15587103855031664, 3: 0.15562483655968928, 4: 0.1571321188948996, 5: 0.15562402020850152, 6: 0.15447684538168183} {1: 0, 2: 0, 3: 0, 4: 0, 5: 0, 6: 0}
0.53 0 0.310792362979
./new_config_single/with_0_coupling/Test_config(70%)/test_config0.54.txt
{1: set([1]), 2: set([2]), 3: set([1]), 4: set([2]), 5: set([1]), 6: set([2])}
1 1 0.154337301745 0 0.0 1564.0 5868.0 3931
1 2 0.0 0 0.0 0.0 5845.0 0
2 1 0.0 0 0.0 0.0 5868.0 0
2 2 0.155588371101 0 0.0 1550.0 5845.0 3870
3 1 0.156384796354 0 0.0 1571.0 5868.0 3916
3 2 0.0 0 0.0 0.0 5845.0 0
4 1 0.0 0 0.0 0.0 5868.0 0
4 2 0.155698838178 0 0.0 1548.0 5845.0 3862
5 1 0.154336082 0 0.0 1550.0 5868.0 3889
5 2 0.0 0 0.0 0.0 5845.0 0
6 1 0.0 0 0.0 0.0 5868.0 0
6 2 0.155509018624 0 0.0 1579.0 5845.0 3958
{1: 0.15433730174495572, 2: 0.15558837110088752, 3: 0.15638479635368238, 4: 0.15569883817846408, 5: 0.1543360819998615, 6: 0.1555090186241229} {1: 0, 2: 0, 3: 0, 4: 0, 5: 0, 6: 0}
0.54 0 0.310307517865
./new_config_single/with_0_coupling/Test_config(70%)/test_config0.55.txt
{1: set([1]), 2: set([2]), 3: set([1]), 4: set([2]), 5: set([1]), 6: set([2])}
1 1 0.15401259798 0 0.0 1564.0 5950.0 3926
1 2 0.0 0 0.0 0.0 5957.0 0
2 1 0.0 0 0.0 0.0 5950.0 0
2 2 0.156035776402 0 0.0 1603.0 5957.0 4006
3 1 0.154640484429 0 0.0 1582.0 5950.0 3969
3 2 0.0 0 0.0 0.0 5957.0 0
4 1 0.0 0 0.0 0.0 5950.0 0
4 2 0.154859335619 0 0.0 1572.0 5957.0 3934
5 1 0.156310818445 0 0.0 1604.0 5950.0 4005
5 2 0.0 0 0.0 0.0 5957.0 0
6 1 0.0 0 0.0 0.0 5950.0 0
6 2 0.15464527846 0 0.0 1584.0 5957.0 3974
{1: 0.1540125979803686, 2: 0.15603577640202437, 3: 0.1546404844290657, 4: 0.1548593356185447, 5: 0.1563108184450251, 6: 0.15464527846015463} {1: 0, 2: 0, 3: 0, 4: 0, 5: 0, 6: 0}
0.55 0 0.309857929015
./new_config_single/with_0_coupling/Test_config(70%)/test_config0.56.txt
{1: set([1]), 2: set([2]), 3: set([1]), 4: set([2]), 5: set([1]), 6: set([2])}
1 1 0.155131097603 0 0.0 1605.0 6050.0 4016
1 2 0.0 0 0.0 0.0 5980.0 0
2 1 0.0 0 0.0 0.0 6050.0 0
2 2 0.155016156139 0 0.0 1609.0 5980.0 4039
3 1 0.155297035722 0 0.0 1607.0 6050.0 4019
3 2 0.0 0 0.0 0.0 5980.0 0
4 1 0.0 0 0.0 0.0 6050.0 0
4 2 0.155196781915 0 0.0 1583.0 5980.0 3958
5 1 0.154905914897 0 0.0 1620.0 6050.0 4065
5 2 0.0 0 0.0 0.0 5980.0 0
6 1 0.0 0 0.0 0.0 6050.0 0
6 2 0.153080439536 0 0.0 1572.0 5980.0 3963
{1: 0.15513109760262275, 2: 0.1550161561391931, 3: 0.15529703572160372, 4: 0.15519678191519107, 5: 0.15490591489652347, 6: 0.15308043953647052} {1: 0, 2: 0, 3: 0, 4: 0, 5: 0, 6: 0}
0.56 0 0.309232932795
./new_config_single/with_0_coupling/Test_config(70%)/test_config0.57.txt
{1: set([1]), 2: set([2]), 3: set([1]), 4: set([2]), 5: set([1]), 6: set([2])}
1 1 0.153979175023 0 0.0 1618.0 6104.0 4069
1 2 0.0 0 0.0 0.0 6153.0 0
2 1 0.0 0 0.0 0.0 6104.0 0
2 2 0.153257774045 0 0.0 1623.0 6153.0 4091
3 1 0.153706004775 0 0.0 1615.0 6104.0 4065
3 2 0.0 0 0.0 0.0 6153.0 0
4 1 0.0 0 0.0 0.0 6104.0 0
4 2 0.154721267572 0 0.0 1636.0 6153.0 4103
5 1 0.15436129264 0 0.0 1622.0 6104.0 4074
5 2 0.0 0 0.0 0.0 6153.0 0
6 1 0.0 0 0.0 0.0 6104.0 0
6 2 0.155208180878 0 0.0 1642.0 6153.0 4112
{1: 0.1539791750226309, 2: 0.15325777404502006, 3: 0.15370600477481625, 4: 0.15472126757182078, 5: 0.15436129264010967, 6: 0.15520818087783672} {1: 0, 2: 0, 3: 0, 4: 0, 5: 0, 6: 0}
0.57 0 0.308102820412
./new_config_single/with_0_coupling/Test_config(70%)/test_config0.58.txt
{1: set([1]), 2: set([2]), 3: set([1]), 4: set([2]), 5: set([1]), 6: set([2])}
1 1 0.15467503238 0 0.0 1648.0 6213.0 4132
1 2 0.0 0 0.0 0.0 6201.0 0
2 1 0.0 0 0.0 0.0 6213.0 0
2 2 0.155134805496 0 0.0 1656.0 6201.0 4149
3 1 0.152474333229 0 0.0 1643.0 6213.0 4158
3 2 0.0 0 0.0 0.0 6201.0 0
4 1 0.0 0 0.0 0.0 6213.0 0
4 2 0.154275405325 0 0.0 1642.0 6201.0 4123
5 1 0.15719704138 0 0.0 1665.0 6213.0 4136
5 2 0.0 0 0.0 0.0 6201.0 0
6 1 0.0 0 0.0 0.0 6213.0 0
6 2 0.153577275968 0 0.0 1640.0 6201.0 4130
{1: 0.15467503238032831, 2: 0.15513480549628095, 3: 0.1524743332289588, 4: 0.15427540532514472, 5: 0.15719704137954277, 6: 0.15357727596776075} {1: 0, 2: 0, 3: 0, 4: 0, 5: 0, 6: 0}
0.58 0 0.308802186628
./new_config_single/with_0_coupling/Test_config(70%)/test_config0.59.txt
{1: set([1]), 2: set([2]), 3: set([1]), 4: set([2]), 5: set([1]), 6: set([2])}
1 1 0.155142200955 0 0.0 1689.0 6321.0 4232
1 2 0.0 0 0.0 0.0 6278.0 0
2 1 0.0 0 0.0 0.0 6321.0 0
2 2 0.154224448792 0 0.0 1664.0 6278.0 4180
3 1 0.154932233707 0 0.0 1686.0 6321.0 4227
3 2 0.0 0 0.0 0.0 6278.0 0
4 1 0.0 0 0.0 0.0 6321.0 0
4 2 0.155126879303 0 0.0 1674.0 6278.0 4193
5 1 0.153134312889 0 0.0 1660.0 6321.0 4183
5 2 0.0 0 0.0 0.0 6278.0 0
6 1 0.0 0 0.0 0.0 6321.0 0
6 2 0.152153871522 0 0.0 1652.0 6278.0 4183
{1: 0.15514220095531872, 2: 0.15422444879244265, 3: 0.15493223370738127, 4: 0.1551268793029274, 5: 0.15313431288932983, 6: 0.15215387152209897} {1: 0, 2: 0, 3: 0, 4: 0, 5: 0, 6: 0}
0.59 0 0.307929744407
./new_config_single/with_0_coupling/Test_config(70%)/test_config0.6.txt
{1: set([1]), 2: set([2]), 3: set([1]), 4: set([2]), 5: set([1]), 6: set([2])}
1 1 0.154490795612 0 0.0 1697.0 6362.0 4263
1 2 0.0 0 0.0 0.0 6411.0 0
2 1 0.0 0 0.0 0.0 6362.0 0
2 2 0.153899464929 0 0.0 1692.0 6411.0 4253
3 1 0.153450006132 0 0.0 1654.0 6362.0 4153
3 2 0.0 0 0.0 0.0 6411.0 0
4 1 0.0 0 0.0 0.0 6362.0 0
4 2 0.154620330771 0 0.0 1717.0 6411.0 4314
5 1 0.153837510343 0 0.0 1708.0 6362.0 4308
5 2 0.0 0 0.0 0.0 6411.0 0
6 1 0.0 0 0.0 0.0 6362.0 0
6 2 0.154263909317 0 0.0 1695.0 6411.0 4255
{1: 0.15449079561222961, 2: 0.1538994649292652, 3: 0.1534500061321737, 4: 0.15462033077069004, 5: 0.15383751034341062, 6: 0.15426390931726325} {1: 0, 2: 0, 3: 0, 4: 0, 5: 0, 6: 0}
0.6 0 0.307879151696
./new_config_single/with_0_coupling/Test_config(70%)/test_config0.61.txt
{1: set([1]), 2: set([2]), 3: set([1]), 4: set([2]), 5: set([1]), 6: set([2])}
1 1 0.153868250828 0 0.0 1724.0 6478.0 4341
1 2 0.0 0 0.0 0.0 6503.0 0
2 1 0.0 0 0.0 0.0 6478.0 0
2 2 0.153602677235 0 0.0 1727.0 6503.0 4352
3 1 0.155720585055 0 0.0 1721.0 6478.0 4296
3 2 0.0 0 0.0 0.0 6503.0 0
4 1 0.0 0 0.0 0.0 6478.0 0
4 2 0.153655167233 0 0.0 1719.0 6503.0 4327
5 1 0.153613940541 0 0.0 1715.0 6478.0 4319
5 2 0.0 0 0.0 0.0 6503.0 0
6 1 0.0 0 0.0 0.0 6478.0 0
6 2 0.156269345304 0 0.0 1736.0 6503.0 4327
{1: 0.1538682508284863, 2: 0.15360267723464507, 3: 0.1557205850547334, 4: 0.15365516723269634, 5: 0.15361394054076777, 6: 0.15626934530435554} {1: 0, 2: 0, 3: 0, 4: 0, 5: 0, 6: 0}
0.61 0 0.308601078743
./new_config_single/with_0_coupling/Test_config(70%)/test_config0.62.txt
{1: set([1]), 2: set([2]), 3: set([1]), 4: set([2]), 5: set([1]), 6: set([2])}
1 1 0.153395370409 0 0.0 1732.0 6527.0 4368
1 2 0.0 0 0.0 0.0 6618.0 0
2 1 0.0 0 0.0 0.0 6527.0 0
2 2 0.154476037494 0 0.0 1752.0 6618.0 4395
3 1 0.153599839809 0 0.0 1733.0 6527.0 4367
3 2 0.0 0 0.0 0.0 6618.0 0
4 1 0.0 0 0.0 0.0 6527.0 0
4 2 0.156137760091 0 0.0 1775.0 6618.0 4431
5 1 0.153595145164 0 0.0 1717.0 6527.0 4319
5 2 0.0 0 0.0 0.0 6618.0 0
6 1 0.0 0 0.0 0.0 6527.0 0
6 2 0.152060015447 0 0.0 1741.0 6618.0 4410
{1: 0.15339537040855783, 2: 0.15447603749437988, 3: 0.15359983980931854, 4: 0.15613776009109476, 5: 0.1535951451641787, 6: 0.15206001544730752} {1: 0, 2: 0, 3: 0, 4: 0, 5: 0, 6: 0}
0.62 0 0.307446968082
./new_config_single/with_0_coupling/Test_config(70%)/test_config0.63.txt
{1: set([1]), 2: set([2]), 3: set([1]), 4: set([2]), 5: set([1]), 6: set([2])}
1 1 0.154437097545 0 0.0 1776.0 6678.0 4460
1 2 0.0 0 0.0 0.0 6631.0 0
2 1 0.0 0 0.0 0.0 6678.0 0
2 2 0.153032484916 0 0.0 1744.0 6631.0 4398
3 1 0.154037187769 0 0.0 1775.0 6678.0 4465
3 2 0.0 0 0.0 0.0 6631.0 0
4 1 0.0 0 0.0 0.0 6678.0 0
4 2 0.154040253571 0 0.0 1755.0 6631.0 4411
5 1 0.154385068968 0 0.0 1766.0 6678.0 4431
5 2 0.0 0 0.0 0.0 6631.0 0
6 1 0.0 0 0.0 0.0 6678.0 0
6 2 0.153733227176 0 0.0 1767.0 6631.0 4453
{1: 0.15443709754513463, 2: 0.153032484916305, 3: 0.15403718776911238, 4: 0.15404025357105244, 5: 0.15438506896766063, 6: 0.15373322717649363} {1: 0, 2: 0, 3: 0, 4: 0, 5: 0, 6: 0}
0.63 0 0.307580551542
./new_config_single/with_0_coupling/Test_config(70%)/test_config0.64.txt
{1: set([1]), 2: set([2]), 3: set([1]), 4: set([2]), 5: set([1]), 6: set([2])}
1 1 0.153054721038 0 0.0 1806.0 6777.0 4565
1 2 0.0 0 0.0 0.0 6755.0 0
2 1 0.0 0 0.0 0.0 6777.0 0
2 2 0.152857553771 0 0.0 1786.0 6755.0 4512
3 1 0.15306151432 0 0.0 1780.0 6777.0 4487
3 2 0.0 0 0.0 0.0 6755.0 0
4 1 0.0 0 0.0 0.0 6777.0 0
4 2 0.155224087648 0 0.0 1792.0 6755.0 4482
5 1 0.155426278534 0 0.0 1801.0 6777.0 4502
5 2 0.0 0 0.0 0.0 6755.0 0
6 1 0.0 0 0.0 0.0 6777.0 0
6 2 0.152659701589 0 0.0 1786.0 6755.0 4516
{1: 0.1530547210379159, 2: 0.15285755377079013, 3: 0.15306151431959547, 4: 0.15522408764842885, 5: 0.15542627853425978, 6: 0.15265970158903047} {1: 0, 2: 0, 3: 0, 4: 0, 5: 0, 6: 0}
0.64 0 0.307120524348
./new_config_single/with_0_coupling/Test_config(70%)/test_config0.65.txt
{1: set([1]), 2: set([2]), 3: set([1]), 4: set([2]), 5: set([1]), 6: set([2])}
1 1 0.153548914381 0 0.0 1786.0 6808.0 4491
1 2 0.0 0 0.0 0.0 6865.0 0
2 1 0.0 0 0.0 0.0 6808.0 0
2 2 0.152188439094 0 0.0 1804.0 6865.0 4566
3 1 0.153992161491 0 0.0 1819.0 6808.0 4581
3 2 0.0 0 0.0 0.0 6865.0 0
4 1 0.0 0 0.0 0.0 6808.0 0
4 2 0.154858786852 0 0.0 1830.0 6865.0 4589
5 1 0.152288004297 0 0.0 1795.0 6808.0 4544
5 2 0.0 0 0.0 0.0 6865.0 0
6 1 0.0 0 0.0 0.0 6808.0 0
6 2 0.152771693608 0 0.0 1811.0 6865.0 4575
{1: 0.15354891438115936, 2: 0.15218843909355806, 3: 0.15399216149073255, 4: 0.15485878685225257, 5: 0.15228800429714956, 6: 0.1527716936082358} {1: 0, 2: 0, 3: 0, 4: 0, 5: 0, 6: 0}
0.65 0 0.306242783908
./new_config_single/with_0_coupling/Test_config(70%)/test_config0.66.txt
{1: set([1]), 2: set([2]), 3: set([1]), 4: set([2]), 5: set([1]), 6: set([2])}
1 1 0.152963096819 0 0.0 1826.0 6889.0 4613
1 2 0.0 0 0.0 0.0 6946.0 0
2 1 0.0 0 0.0 0.0 6889.0 0
2 2 0.154733061073 0 0.0 1849.0 6946.0 4638
3 1 0.153057411155 0 0.0 1810.0 6889.0 4563
3 2 0.0 0 0.0 0.0 6946.0 0
4 1 0.0 0 0.0 0.0 6889.0 0
4 2 0.153723628677 0 0.0 1846.0 6946.0 4650
5 1 0.152045475861 0 0.0 1816.0 6889.0 4602
5 2 0.0 0 0.0 0.0 6946.0 0
6 1 0.0 0 0.0 0.0 6889.0 0
6 2 0.153769869975 0 0.0 1831.0 6946.0 4604
{1: 0.15296309681920692, 2: 0.1547330610727533, 3: 0.153057411154516, 4: 0.15372362867711586, 5: 0.15204547586080847, 6: 0.15376986997469433} {1: 0, 2: 0, 3: 0, 4: 0, 5: 0, 6: 0}
0.66 0 0.306457417005
./new_config_single/with_0_coupling/Test_config(70%)/test_config0.67.txt
{1: set([1]), 2: set([2]), 3: set([1]), 4: set([2]), 5: set([1]), 6: set([2])}
1 1 0.152580738488 0 0.0 1841.0 6993.0 4653
1 2 0.0 0 0.0 0.0 6975.0 0
2 1 0.0 0 0.0 0.0 6993.0 0
2 2 0.151920818078 0 0.0 1827.0 6975.0 4627
3 1 0.152722496352 0 0.0 1839.0 6993.0 4644
3 2 0.0 0 0.0 0.0 6975.0 0
4 1 0.0 0 0.0 0.0 6993.0 0
4 2 0.152588563867 0 0.0 1830.0 6975.0 4622
5 1 0.154293427459 0 0.0 1865.0 6993.0 4689
5 2 0.0 0 0.0 0.0 6975.0 0
6 1 0.0 0 0.0 0.0 6993.0 0
6 2 0.15253143716 0 0.0 1856.0 6975.0 4701
{1: 0.1525807384880744, 2: 0.15192081807787672, 3: 0.15272249635184, 4: 0.15258856386737069, 5: 0.15429342745945068, 6: 0.15253143716036538} {1: 0, 2: 0, 3: 0, 4: 0, 5: 0, 6: 0}
0.67 0 0.305240281308
./new_config_single/with_0_coupling/Test_config(70%)/test_config0.68.txt
{1: set([1]), 2: set([2]), 3: set([1]), 4: set([2]), 5: set([1]), 6: set([2])}
1 1 0.153554904486 0 0.0 1864.0 7120.0 4685
1 2 0.0 0 0.0 0.0 7138.0 0
2 1 0.0 0 0.0 0.0 7120.0 0
2 2 0.152392461281 0 0.0 1882.0 7138.0 4762
3 1 0.153137210422 0 0.0 1900.0 7120.0 4802
3 2 0.0 0 0.0 0.0 7138.0 0
4 1 0.0 0 0.0 0.0 7120.0 0
4 2 0.153558968291 0 0.0 1894.0 7138.0 4773
5 1 0.153058478846 0 0.0 1883.0 7120.0 4753
5 2 0.0 0 0.0 0.0 7138.0 0
6 1 0.0 0 0.0 0.0 7120.0 0
6 2 0.153651841756 0 0.0 1884.0 7138.0 4741
{1: 0.15355490448649162, 2: 0.15239246128106815, 3: 0.15313721042166392, 4: 0.1535589682912091, 5: 0.15305847884578966, 6: 0.15365184175617674} {1: 0, 2: 0, 3: 0, 4: 0, 5: 0, 6: 0}
0.68 0 0.306144837072
./new_config_single/with_0_coupling/Test_config(70%)/test_config0.69.txt
{1: set([1]), 2: set([2]), 3: set([1]), 4: set([2]), 5: set([1]), 6: set([2])}
1 1 0.153169409376 0 0.0 1893.0 7211.0 4769
1 2 0.0 0 0.0 0.0 7182.0 0
2 1 0.0 0 0.0 0.0 7211.0 0
2 2 0.153623053077 0 0.0 1895.0 7182.0 4769
3 1 0.15484053383 0 0.0 1919.0 7211.0 4811
3 2 0.0 0 0.0 0.0 7182.0 0
4 1 0.0 0 0.0 0.0 7211.0 0
4 2 0.151247067629 0 0.0 1900.0 7182.0 4835
5 1 0.151182992301 0 0.0 1903.0 7211.0 4842
5 2 0.0 0 0.0 0.0 7182.0 0
6 1 0.0 0 0.0 0.0 7211.0 0
6 2 0.154177950833 0 0.0 1896.0 7182.0 4760
{1: 0.15316940937608592, 2: 0.15362305307654792, 3: 0.15484053382979873, 4: 0.1512470676288481, 5: 0.15118299230087717, 6: 0.15417795083333197} {1: 0, 2: 0, 3: 0, 4: 0, 5: 0, 6: 0}
0.69 0 0.305774255346
./new_config_single/with_0_coupling/Test_config(70%)/test_config0.7.txt
{1: set([1]), 2: set([2]), 3: set([1]), 4: set([2]), 5: set([1]), 6: set([2])}
1 1 0.151202614911 0 0.0 1891.0 7225.0 4804
1 2 0.0 0 0.0 0.0 7270.0 0
2 1 0.0 0 0.0 0.0 7225.0 0
2 2 0.152741741702 0 0.0 1912.0 7270.0 4828
3 1 0.152956195448 0 0.0 1905.0 7225.0 4808
3 2 0.0 0 0.0 0.0 7270.0 0
4 1 0.0 0 0.0 0.0 7225.0 0
4 2 0.152508561498 0 0.0 1928.0 7270.0 4881
5 1 0.151016659283 0 0.0 1901.0 7225.0 4838
5 2 0.0 0 0.0 0.0 7270.0 0
6 1 0.0 0 0.0 0.0 7225.0 0
6 2 0.152879780485 0 0.0 1914.0 7270.0 4831
{1: 0.15120261491121995, 2: 0.15274174170196902, 3: 0.1529561954478514, 4: 0.15250856149804454, 5: 0.15101665928329402, 6: 0.15287978048508216} {1: 0, 2: 0, 3: 0, 4: 0, 5: 0, 6: 0}
0.7 0 0.304130749258
./new_config_single/with_0_coupling/Test_config(70%)/test_config0.71.txt
{1: set([1]), 2: set([2]), 3: set([1]), 4: set([2]), 5: set([1]), 6: set([2])}
1 1 0.152166173216 0 0.0 1933.0 7315.0 4898
1 2 0.0 0 0.0 0.0 7412.0 0
2 1 0.0 0 0.0 0.0 7315.0 0
2 2 0.154271237457 0 0.0 1985.0 7412.0 4995
3 1 0.151757995934 0 0.0 1925.0 7315.0 4883
3 2 0.0 0 0.0 0.0 7412.0 0
4 1 0.0 0 0.0 0.0 7315.0 0
4 2 0.152305485096 0 0.0 1951.0 7412.0 4937
5 1 0.152620407976 0 0.0 1920.0 7315.0 4849
5 2 0.0 0 0.0 0.0 7412.0 0
6 1 0.0 0 0.0 0.0 7315.0 0
6 2 0.152159579032 0 0.0 1935.0 7412.0 4892
{1: 0.1521661732159268, 2: 0.15427123745743912, 3: 0.15175799593434589, 4: 0.15230548509600245, 5: 0.15262040797638166, 6: 0.15215957903185834} {1: 0, 2: 0, 3: 0, 4: 0, 5: 0, 6: 0}
0.71 0 0.304788532611
./new_config_single/with_0_coupling/Test_config(70%)/test_config0.72.txt
{1: set([1]), 2: set([2]), 3: set([1]), 4: set([2]), 5: set([1]), 6: set([2])}
1 1 0.153718073174 0 0.0 2000.0 7442.0 5048
1 2 0.0 0 0.0 0.0 7458.0 0
2 1 0.0 0 0.0 0.0 7442.0 0
2 2 0.152794021419 0 0.0 1989.0 7458.0 5034
3 1 0.152565087054 0 0.0 1939.0 7442.0 4891
3 2 0.0 0 0.0 0.0 7458.0 0
4 1 0.0 0 0.0 0.0 7442.0 0
4 2 0.15222925598 0 0.0 1959.0 7458.0 4957
5 1 0.15218309509 0 0.0 1954.0 7442.0 4945
5 2 0.0 0 0.0 0.0 7458.0 0
6 1 0.0 0 0.0 0.0 7442.0 0
6 2 0.153114233306 0 0.0 1955.0 7458.0 4925
{1: 0.15371807317446445, 2: 0.15279402141938542, 3: 0.15256508705393915, 4: 0.1522292559797277, 5: 0.1521830950897096, 6: 0.1531142333062288} {1: 0, 2: 0, 3: 0, 4: 0, 5: 0, 6: 0}
0.72 0 0.305229054086
./new_config_single/with_0_coupling/Test_config(70%)/test_config0.73.txt
{1: set([1]), 2: set([2]), 3: set([1]), 4: set([2]), 5: set([1]), 6: set([2])}
1 1 0.15065676765 0 0.0 1975.0 7527.0 5032
1 2 0.0 0 0.0 0.0 7508.0 0
2 1 0.0 0 0.0 0.0 7527.0 0
2 2 0.152575292446 0 0.0 1988.0 7508.0 5030
3 1 0.153174818384 0 0.0 1976.0 7527.0 4978
3 2 0.0 0 0.0 0.0 7508.0 0
4 1 0.0 0 0.0 0.0 7527.0 0
4 2 0.151246076286 0 0.0 1970.0 7508.0 5006
5 1 0.151451779925 0 0.0 1985.0 7527.0 5044
5 2 0.0 0 0.0 0.0 7508.0 0
6 1 0.0 0 0.0 0.0 7527.0 0
6 2 0.152530747526 0 0.0 1971.0 7508.0 4980
{1: 0.15065676765009942, 2: 0.15257529244600465, 3: 0.1531748183842097, 4: 0.151246076286165, 5: 0.15145177992502754, 6: 0.15253074752584989} {1: 0, 2: 0, 3: 0, 4: 0, 5: 0, 6: 0}
0.73 0 0.303574615578
./new_config_single/with_0_coupling/Test_config(70%)/test_config0.74.txt
{1: set([1]), 2: set([2]), 3: set([1]), 4: set([2]), 5: set([1]), 6: set([2])}
1 1 0.150500997913 0 0.0 1975.0 7614.0 5025
1 2 0.0 0 0.0 0.0 7607.0 0
2 1 0.0 0 0.0 0.0 7614.0 0
2 2 0.150986640808 0 0.0 1993.0 7607.0 5069
3 1 0.151954437545 0 0.0 2011.0 7614.0 5100
3 2 0.0 0 0.0 0.0 7607.0 0
4 1 0.0 0 0.0 0.0 7614.0 0
4 2 0.153308854324 0 0.0 2009.0 7607.0 5064
5 1 0.153661158895 0 0.0 2025.0 7614.0 5103
5 2 0.0 0 0.0 0.0 7607.0 0
6 1 0.0 0 0.0 0.0 7614.0 0
6 2 0.152037923564 0 0.0 2005.0 7607.0 5081
{1: 0.15050099791289034, 2: 0.15098664080804408, 3: 0.15195443754537025, 4: 0.15330885432420438, 5: 0.15366115889542778, 6: 0.15203792356430926} {1: 0, 2: 0, 3: 0, 4: 0, 5: 0, 6: 0}
0.74 0 0.303845854346
./new_config_single/with_0_coupling/Test_config(70%)/test_config0.75.txt
{1: set([1]), 2: set([2]), 3: set([1]), 4: set([2]), 5: set([1]), 6: set([2])}
1 1 0.152114761542 0 0.0 2017.0 7690.0 5105
1 2 0.0 0 0.0 0.0 7658.0 0
2 1 0.0 0 0.0 0.0 7690.0 0
2 2 0.150632401275 0 0.0 2011.0 7658.0 5125
3 1 0.151811516147 0 0.0 2015.0 7690.0 5106
3 2 0.0 0 0.0 0.0 7658.0 0
4 1 0.0 0 0.0 0.0 7690.0 0
4 2 0.151232201285 0 0.0 1992.0 7658.0 5054
5 1 0.15102551149 0 0.0 2030.0 7690.0 5169
5 2 0.0 0 0.0 0.0 7658.0 0
6 1 0.0 0 0.0 0.0 7690.0 0
6 2 0.151152104893 0 0.0 2019.0 7658.0 5137
{1: 0.15211476154159642, 2: 0.1506324012748989, 3: 0.15181151614665153, 4: 0.1512322012850072, 5: 0.15102551148959772, 6: 0.1511521048934398} {1: 0, 2: 0, 3: 0, 4: 0, 5: 0, 6: 0}
0.75 0 0.302353509378
./new_config_single/with_0_coupling/Test_config(70%)/test_config0.76.txt
{1: set([1]), 2: set([2]), 3: set([1]), 4: set([2]), 5: set([1]), 6: set([2])}
1 1 0.149894571269 0 0.0 2037.0 7769.0 5207
1 2 0.0 0 0.0 0.0 7764.0 0
2 1 0.0 0 0.0 0.0 7769.0 0
2 2 0.151079324454 0 0.0 2044.0 7764.0 5201
3 1 0.151826237068 0 0.0 2035.0 7769.0 5156
3 2 0.0 0 0.0 0.0 7764.0 0
4 1 0.0 0 0.0 0.0 7769.0 0
4 2 0.151983098919 0 0.0 2046.0 7764.0 5186
5 1 0.153201392453 0 0.0 2052.0 7769.0 5175
5 2 0.0 0 0.0 0.0 7764.0 0
6 1 0.0 0 0.0 0.0 7769.0 0
6 2 0.151205635642 0 0.0 2025.0 7764.0 5141
{1: 0.14989457126861463, 2: 0.1510793244544565, 3: 0.15182623706825088, 4: 0.15198309891941064, 5: 0.15320139245319223, 6: 0.15120563564222353} {1: 0, 2: 0, 3: 0, 4: 0, 5: 0, 6: 0}
0.76 0 0.302760356515
./new_config_single/with_0_coupling/Test_config(70%)/test_config0.77.txt
{1: set([1]), 2: set([2]), 3: set([1]), 4: set([2]), 5: set([1]), 6: set([2])}
1 1 0.150631210797 0 0.0 2057.0 7844.0 5241
1 2 0.0 0 0.0 0.0 7840.0 0
2 1 0.0 0 0.0 0.0 7844.0 0
2 2 0.152095476982 0 0.0 2071.0 7840.0 5249
3 1 0.149906081484 0 0.0 2038.0 7844.0 5201
3 2 0.0 0 0.0 0.0 7840.0 0
4 1 0.0 0 0.0 0.0 7844.0 0
4 2 0.150348227301 0 0.0 2037.0 7840.0 5188
5 1 0.152712906132 0 0.0 2075.0 7844.0 5246
5 2 0.0 0 0.0 0.0 7840.0 0
6 1 0.0 0 0.0 0.0 7844.0 0
6 2 0.151203563457 0 0.0 2062.0 7840.0 5243
{1: 0.1506312107969245, 2: 0.15209547698224696, 3: 0.1499060814841474, 4: 0.15034822730112457, 5: 0.15271290613157493, 6: 0.1512035634566327} {1: 0, 2: 0, 3: 0, 4: 0, 5: 0, 6: 0}
0.77 0 0.301996856229
./new_config_single/with_0_coupling/Test_config(70%)/test_config0.78.txt
{1: set([1]), 2: set([2]), 3: set([1]), 4: set([2]), 5: set([1]), 6: set([2])}
1 1 0.152115002838 0 0.0 2083.0 7926.0 5274
1 2 0.0 0 0.0 0.0 7909.0 0
2 1 0.0 0 0.0 0.0 7926.0 0
2 2 0.151487009722 0 0.0 2078.0 7909.0 5276
3 1 0.150594038096 0 0.0 2060.0 7926.0 5241
3 2 0.0 0 0.0 0.0 7909.0 0
4 1 0.0 0 0.0 0.0 7926.0 0
4 2 0.151824135718 0 0.0 2078.0 7909.0 5268
5 1 0.151347220018 0 0.0 2098.0 7926.0 5337
5 2 0.0 0 0.0 0.0 7909.0 0
6 1 0.0 0 0.0 0.0 7926.0 0
6 2 0.149674765657 0 0.0 2063.0 7909.0 5274
{1: 0.15211500283756468, 2: 0.15148700972231532, 3: 0.15059403809614408, 4: 0.15182413571776865, 5: 0.15134722001756215, 6: 0.14967476565722682} {1: 0, 2: 0, 3: 0, 4: 0, 5: 0, 6: 0}
0.78 0 0.302045043292
./new_config_single/with_0_coupling/Test_config(70%)/test_config0.79.txt
{1: set([1]), 2: set([2]), 3: set([1]), 4: set([2]), 5: set([1]), 6: set([2])}
1 1 0.151730068284 0 0.0 2108.0 8050.0 5343
1 2 0.0 0 0.0 0.0 8002.0 0
2 1 0.0 0 0.0 0.0 8050.0 0
2 2 0.151767540338 0 0.0 2105.0 8002.0 5339
3 1 0.15189179044 0 0.0 2104.0 8050.0 5327
3 2 0.0 0 0.0 0.0 8002.0 0
4 1 0.0 0 0.0 0.0 8050.0 0
4 2 0.151600936151 0 0.0 2101.0 8002.0 5331
5 1 0.150350295128 0 0.0 2126.0 8050.0 5430
5 2 0.0 0 0.0 0.0 8002.0 0
6 1 0.0 0 0.0 0.0 8050.0 0
6 2 0.150226330571 0 0.0 2091.0 8002.0 5334
{1: 0.1517300682844026, 2: 0.1517675403381097, 3: 0.15189179044018364, 4: 0.15160093615061618, 5: 0.1503502951275028, 6: 0.15022633057056906} {1: 0, 2: 0, 3: 0, 4: 0, 5: 0, 6: 0}
0.79 0 0.302219797983
./new_config_single/with_0_coupling/Test_config(70%)/test_config0.8.txt
{1: set([1]), 2: set([2]), 3: set([1]), 4: set([2]), 5: set([1]), 6: set([2])}
1 1 0.151817035037 0 0.0 2143.0 8106.0 5439
1 2 0.0 0 0.0 0.0 8085.0 0
2 1 0.0 0 0.0 0.0 8106.0 0
2 2 0.14986380407 0 0.0 2102.0 8085.0 5366
3 1 0.15157359153 0 0.0 2123.0 8106.0 5385
3 2 0.0 0 0.0 0.0 8085.0 0
4 1 0.0 0 0.0 0.0 8106.0 0
4 2 0.152117915362 0 0.0 2107.0 8085.0 5326
5 1 0.150463702354 0 0.0 2115.0 8106.0 5388
5 2 0.0 0 0.0 0.0 8085.0 0
6 1 0.0 0 0.0 0.0 8106.0 0
6 2 0.151897820353 0 0.0 2156.0 8085.0 5478
{1: 0.15181703503705435, 2: 0.14986380407000605, 3: 0.15157359152955394, 4: 0.1521179153620182, 5: 0.15046370235387777, 6: 0.15189782035263083} {1: 0, 2: 0, 3: 0, 4: 0, 5: 0, 6: 0}
0.8 0 0.302275378279
./new_config_single/with_0_coupling/Test_config(70%)/test_config0.81.txt
{1: set([1]), 2: set([2]), 3: set([1]), 4: set([2]), 5: set([1]), 6: set([2])}
1 1 0.150568370949 0 0.0 2138.0 8126.0 5452
1 2 0.0 0 0.0 0.0 8186.0 0
2 1 0.0 0 0.0 0.0 8126.0 0
2 2 0.150933503113 0 0.0 2138.0 8186.0 5436
3 1 0.150278991771 0 0.0 2110.0 8126.0 5375
3 2 0.0 0 0.0 0.0 8186.0 0
4 1 0.0 0 0.0 0.0 8126.0 0
4 2 0.151503010061 0 0.0 2158.0 8186.0 5482
5 1 0.151680254397 0 0.0 2138.0 8126.0 5425
5 2 0.0 0 0.0 0.0 8186.0 0
6 1 0.0 0 0.0 0.0 8126.0 0
6 2 0.149835721503 0 0.0 2135.0 8186.0 5454
{1: 0.15056837094860065, 2: 0.15093350311344791, 3: 0.1502789917705806, 4: 0.1515030100612745, 5: 0.15168025439713392, 6: 0.14983572150290977} {1: 0, 2: 0, 3: 0, 4: 0, 5: 0, 6: 0}
0.81 0 0.301298350647
./new_config_single/with_0_coupling/Test_config(70%)/test_config0.82.txt
{1: set([1]), 2: set([2]), 3: set([1]), 4: set([2]), 5: set([1]), 6: set([2])}
1 1 0.150971000947 0 0.0 2159.0 8262.0 5489
1 2 0.0 0 0.0 0.0 8253.0 0
2 1 0.0 0 0.0 0.0 8262.0 0
2 2 0.149963892564 0 0.0 2162.0 8253.0 5524
3 1 0.150367128092 0 0.0 2161.0 8262.0 5510
3 2 0.0 0 0.0 0.0 8253.0 0
4 1 0.0 0 0.0 0.0 8262.0 0
4 2 0.15057150568 0 0.0 2160.0 8253.0 5503
5 1 0.150608156436 0 0.0 2168.0 8262.0 5525
5 2 0.0 0 0.0 0.0 8253.0 0
6 1 0.0 0 0.0 0.0 8262.0 0
6 2 0.150933071876 0 0.0 2155.0 8253.0 5479
{1: 0.15097100094748594, 2: 0.14996389256408513, 3: 0.15036712809214045, 4: 0.15057150567971062, 5: 0.15060815643637934, 6: 0.15093307187576863} {1: 0, 2: 0, 3: 0, 4: 0, 5: 0, 6: 0}
0.82 0 0.300837113613
./new_config_single/with_0_coupling/Test_config(70%)/test_config0.83.txt
{1: set([1]), 2: set([2]), 3: set([1]), 4: set([2]), 5: set([1]), 6: set([2])}
1 1 0.149786365224 0 0.0 2157.0 8291.0 5509
1 2 0.0 0 0.0 0.0 8321.0 0
2 1 0.0 0 0.0 0.0 8291.0 0
2 2 0.150889943724 0 0.0 2179.0 8321.0 5544
3 1 0.151468909655 0 0.0 2192.0 8291.0 5572
3 2 0.0 0 0.0 0.0 8321.0 0
4 1 0.0 0 0.0 0.0 8291.0 0
4 2 0.148561690795 0 0.0 2173.0 8321.0 5584
5 1 0.149986086841 0 0.0 2156.0 8291.0 5501
5 2 0.0 0 0.0 0.0 8321.0 0
6 1 0.0 0 0.0 0.0 8291.0 0
6 2 0.152087750609 0 0.0 2179.0 8321.0 5514
{1: 0.14978636522381847, 2: 0.1508899437240906, 3: 0.15146890965482285, 4: 0.14856169079522635, 5: 0.1499860868413567, 6: 0.1520877506087931} {1: 0, 2: 0, 3: 0, 4: 0, 5: 0, 6: 0}
0.83 0 0.3006259887
./new_config_single/with_0_coupling/Test_config(70%)/test_config0.84.txt
{1: set([1]), 2: set([2]), 3: set([1]), 4: set([2]), 5: set([1]), 6: set([2])}
1 1 0.150632321799 0 0.0 2211.0 8417.0 5635
1 2 0.0 0 0.0 0.0 8442.0 0
2 1 0.0 0 0.0 0.0 8417.0 0
2 2 0.149529702684 0 0.0 2204.0 8442.0 5639
3 1 0.151822256758 0 0.0 2215.0 8417.0 5617
3 2 0.0 0 0.0 0.0 8442.0 0
4 1 0.0 0 0.0 0.0 8417.0 0
4 2 0.150276973202 0 0.0 2217.0 8442.0 5659
5 1 0.149878816539 0 0.0 2187.0 8417.0 5582
5 2 0.0 0 0.0 0.0 8442.0 0
6 1 0.0 0 0.0 0.0 8417.0 0
6 2 0.152564292963 0 0.0 2212.0 8442.0 5586
{1: 0.15063232179922256, 2: 0.1495297026841066, 3: 0.15182225675790445, 4: 0.1502769732019273, 5: 0.14987881653937604, 6: 0.15256429296304547} {1: 0, 2: 0, 3: 0, 4: 0, 5: 0, 6: 0}
0.84 0 0.301266553194
./new_config_single/with_0_coupling/Test_config(70%)/test_config0.85.txt
{1: set([1]), 2: set([2]), 3: set([1]), 4: set([2]), 5: set([1]), 6: set([2])}
1 1 0.149633413348 0 0.0 2216.0 8462.0 5670
1 2 0.0 0 0.0 0.0 8476.0 0
2 1 0.0 0 0.0 0.0 8462.0 0
2 2 0.148784054597 0 0.0 2211.0 8476.0 5675
3 1 0.149990435783 0 0.0 2206.0 8462.0 5631
3 2 0.0 0 0.0 0.0 8476.0 0
4 1 0.0 0 0.0 0.0 8462.0 0
4 2 0.151576524762 0 0.0 2219.0 8476.0 5628
5 1 0.151250172403 0 0.0 2214.0 8462.0 5623
5 2 0.0 0 0.0 0.0 8476.0 0
6 1 0.0 0 0.0 0.0 8462.0 0
6 2 0.150280520982 0 0.0 2215.0 8476.0 5649
{1: 0.14963341334773372, 2: 0.14878405459737415, 3: 0.14999043578306703, 4: 0.15157652476158426, 5: 0.15125017240309271, 6: 0.15028052098243244} {1: 0, 2: 0, 3: 0, 4: 0, 5: 0, 6: 0}
0.85 0 0.300204535584
./new_config_single/with_0_coupling/Test_config(70%)/test_config0.86.txt
{1: set([1]), 2: set([2]), 3: set([1]), 4: set([2]), 5: set([1]), 6: set([2])}
1 1 0.150157649503 0 0.0 2256.0 8569.0 5764
1 2 0.0 0 0.0 0.0 8494.0 0
2 1 0.0 0 0.0 0.0 8569.0 0
2 2 0.151840917749 0 0.0 2246.0 8494.0 5700
3 1 0.149464873374 0 0.0 2240.0 8569.0 5734
3 2 0.0 0 0.0 0.0 8494.0 0
4 1 0.0 0 0.0 0.0 8569.0 0
4 2 0.148964162379 0 0.0 2186.0 8494.0 5593
5 1 0.148903845781 0 0.0 2204.0 8569.0 5640
5 2 0.0 0 0.0 0.0 8494.0 0
6 1 0.0 0 0.0 0.0 8569.0 0
6 2 0.149566008283 0 0.0 2225.0 8494.0 5695
{1: 0.15015764950261795, 2: 0.1518409177486134, 3: 0.1494648733739818, 4: 0.14896416237858506, 5: 0.14890384578116173, 6: 0.1495660082833024} {1: 0, 2: 0, 3: 0, 4: 0, 5: 0, 6: 0}
0.86 0 0.299332853204
./new_config_single/with_0_coupling/Test_config(70%)/test_config0.87.txt
{1: set([1]), 2: set([2]), 3: set([1]), 4: set([2]), 5: set([1]), 6: set([2])}
1 1 0.148624608895 0 0.0 2238.0 8654.0 5740
1 2 0.0 0 0.0 0.0 8620.0 0
2 1 0.0 0 0.0 0.0 8654.0 0
2 2 0.148296466966 0 0.0 2214.0 8620.0 5680
3 1 0.150625417636 0 0.0 2278.0 8654.0 5808
3 2 0.0 0 0.0 0.0 8620.0 0
4 1 0.0 0 0.0 0.0 8654.0 0
4 2 0.150863192489 0 0.0 2262.0 8620.0 5758
5 1 0.149821243247 0 0.0 2255.0 8654.0 5760
5 2 0.0 0 0.0 0.0 8620.0 0
6 1 0.0 0 0.0 0.0 8654.0 0
6 2 0.150427955814 0 0.0 2273.0 8620.0 5802
{1: 0.14862460889532825, 2: 0.1482964669656171, 3: 0.15062541763631104, 4: 0.15086319248927388, 5: 0.14982124324671636, 6: 0.15042795581419133} {1: 0, 2: 0, 3: 0, 4: 0, 5: 0, 6: 0}
0.87 0 0.299253408721
./new_config_single/with_0_coupling/Test_config(70%)/test_config0.88.txt
{1: set([1]), 2: set([2]), 3: set([1]), 4: set([2]), 5: set([1]), 6: set([2])}
1 1 0.150463988727 0 0.0 2281.0 8716.0 5814
1 2 0.0 0 0.0 0.0 8763.0 0
2 1 0.0 0 0.0 0.0 8716.0 0
2 2 0.14971821458 0 0.0 2277.0 8763.0 5816
3 1 0.150807972699 0 0.0 2280.0 8716.0 5802
3 2 0.0 0 0.0 0.0 8763.0 0
4 1 0.0 0 0.0 0.0 8716.0 0
4 2 0.149294488465 0 0.0 2298.0 8763.0 5890
5 1 0.148437008021 0 0.0 2264.0 8716.0 5816
5 2 0.0 0 0.0 0.0 8763.0 0
6 1 0.0 0 0.0 0.0 8716.0 0
6 2 0.150479614129 0 0.0 2285.0 8763.0 5820
{1: 0.1504639887271403, 2: 0.14971821458030649, 3: 0.15080797269863505, 4: 0.14929448846505336, 5: 0.14843700802078164, 6: 0.15047961412873045} {1: 0, 2: 0, 3: 0, 4: 0, 5: 0, 6: 0}
0.88 0 0.299434028445
./new_config_single/with_0_coupling/Test_config(70%)/test_config0.89.txt
{1: set([1]), 2: set([2]), 3: set([1]), 4: set([2]), 5: set([1]), 6: set([2])}
1 1 0.147920354153 0 0.0 2269.0 8810.0 5834
1 2 0.0 0 0.0 0.0 8775.0 0
2 1 0.0 0 0.0 0.0 8810.0 0
2 2 0.150351373771 0 0.0 2294.0 8775.0 5849
3 1 0.151632944067 0 0.0 2318.0 8810.0 5883
3 2 0.0 0 0.0 0.0 8775.0 0
4 1 0.0 0 0.0 0.0 8810.0 0
4 2 0.149740667689 0 0.0 2279.0 8775.0 5820
5 1 0.149284591084 0 0.0 2304.0 8810.0 5903
5 2 0.0 0 0.0 0.0 8775.0 0
6 1 0.0 0 0.0 0.0 8810.0 0
6 2 0.149930403162 0 0.0 2301.0 8775.0 5881
{1: 0.14792035415332644, 2: 0.15035137377131674, 3: 0.151632944067017, 4: 0.14974066768938565, 5: 0.149284591083551, 6: 0.14993040316231204} {1: 0, 2: 0, 3: 0, 4: 0, 5: 0, 6: 0}
0.89 0 0.299320491198
./new_config_single/with_0_coupling/Test_config(70%)/test_config0.9.txt
{1: set([1]), 2: set([2]), 3: set([1]), 4: set([2]), 5: set([1]), 6: set([2])}
1 1 0.149484330249 0 0.0 2309.0 8869.0 5906
1 2 0.0 0 0.0 0.0 8918.0 0
2 1 0.0 0 0.0 0.0 8869.0 0
2 2 0.1491988681 0 0.0 2321.0 8918.0 5944
3 1 0.151886733193 0 0.0 2343.0 8869.0 5944
3 2 0.0 0 0.0 0.0 8918.0 0
4 1 0.0 0 0.0 0.0 8869.0 0
4 2 0.149078131742 0 0.0 2303.0 8918.0 5893
5 1 0.146663730624 0 0.0 2278.0 8869.0 5888
5 2 0.0 0 0.0 0.0 8918.0 0
6 1 0.0 0 0.0 0.0 8869.0 0
6 2 0.150610168593 0 0.0 2352.0 8918.0 5999
{1: 0.14948433024857716, 2: 0.14919886810033312, 3: 0.15188673319309878, 4: 0.14907813174189136, 5: 0.14666373062382398, 6: 0.15061016859346082} {1: 0, 2: 0, 3: 0, 4: 0, 5: 0, 6: 0}
0.9 0 0.298675013513
./new_config_single/with_0_coupling/Test_config(70%)/test_config0.91.txt
{1: set([1]), 2: set([2]), 3: set([1]), 4: set([2]), 5: set([1]), 6: set([2])}
1 1 0.149242440119 0 0.0 2308.0 8932.0 5902
1 2 0.0 0 0.0 0.0 9011.0 0
2 1 0.0 0 0.0 0.0 8932.0 0
2 2 0.148546343825 0 0.0 2344.0 9011.0 6020
3 1 0.149139106759 0 0.0 2323.0 8932.0 5950
3 2 0.0 0 0.0 0.0 9011.0 0
4 1 0.0 0 0.0 0.0 8932.0 0
4 2 0.150650847573 0 0.0 2346.0 9011.0 5969
5 1 0.148718365502 0 0.0 2340.0 8932.0 6012
5 2 0.0 0 0.0 0.0 9011.0 0
6 1 0.0 0 0.0 0.0 8932.0 0
6 2 0.150394400752 0 0.0 2365.0 9011.0 6033
{1: 0.1492424401192951, 2: 0.14854634382487744, 3: 0.14913910675855332, 4: 0.15065084757318462, 5: 0.14871836550187928, 6: 0.15039440075220462} {1: 0, 2: 0, 3: 0, 4: 0, 5: 0, 6: 0}
0.91 0 0.298598271008
./new_config_single/with_0_coupling/Test_config(70%)/test_config0.92.txt
{1: set([1]), 2: set([2]), 3: set([1]), 4: set([2]), 5: set([1]), 6: set([2])}
1 1 0.148507351471 0 0.0 2321.0 9001.0 5953
1 2 0.0 0 0.0 0.0 9016.0 0
2 1 0.0 0 0.0 0.0 9001.0 0
2 2 0.149484311731 0 0.0 2360.0 9016.0 6042
3 1 0.149660703181 0 0.0 2355.0 9001.0 6024
3 2 0.0 0 0.0 0.0 9016.0 0
4 1 0.0 0 0.0 0.0 9001.0 0
4 2 0.149080415749 0 0.0 2343.0 9016.0 6002
5 1 0.149956819473 0 0.0 2358.0 9001.0 6025
5 2 0.0 0 0.0 0.0 9016.0 0
6 1 0.0 0 0.0 0.0 9001.0 0
6 2 0.148820267469 0 0.0 2336.0 9016.0 5988
{1: 0.14850735147118727, 2: 0.14948431173132806, 3: 0.14966070318125968, 4: 0.14908041574910896, 5: 0.14995681947274903, 6: 0.14882026746889487} {1: 0, 2: 0, 3: 0, 4: 0, 5: 0, 6: 0}
0.92 0 0.298204786402
./new_config_single/with_0_coupling/Test_config(70%)/test_config0.93.txt
{1: set([1]), 2: set([2]), 3: set([1]), 4: set([2]), 5: set([1]), 6: set([2])}
1 1 0.149483160462 0 0.0 2403.0 9126.0 6158
1 2 0.0 0 0.0 0.0 9132.0 0
2 1 0.0 0 0.0 0.0 9126.0 0
2 2 0.149910522321 0 0.0 2392.0 9132.0 6113
3 1 0.147962635048 0 0.0 2354.0 9126.0 6053
3 2 0.0 0 0.0 0.0 9132.0 0
4 1 0.0 0 0.0 0.0 9126.0 0
4 2 0.148847776654 0 0.0 2359.0 9132.0 6043
5 1 0.149384470891 0 0.0 2363.0 9126.0 6041
5 2 0.0 0 0.0 0.0 9132.0 0
6 1 0.0 0 0.0 0.0 9126.0 0
6 2 0.148341624635 0 0.0 2376.0 9132.0 6108
{1: 0.14948316046193624, 2: 0.14991052232128038, 3: 0.14796263504834958, 4: 0.14884777665442783, 5: 0.1493844708908601, 6: 0.14834162463457548} {1: 0, 2: 0, 3: 0, 4: 0, 5: 0, 6: 0}
0.93 0 0.297678753274
./new_config_single/with_0_coupling/Test_config(70%)/test_config0.94.txt
{1: set([1]), 2: set([2]), 3: set([1]), 4: set([2]), 5: set([1]), 6: set([2])}
1 1 0.149823226808 0 0.0 2386.0 9153.0 6095
1 2 0.0 0 0.0 0.0 9175.0 0
2 1 0.0 0 0.0 0.0 9153.0 0
2 2 0.14946647165 0 0.0 2410.0 9175.0 6174
3 1 0.149196807937 0 0.0 2366.0 9153.0 6052
3 2 0.0 0 0.0 0.0 9175.0 0
4 1 0.0 0 0.0 0.0 9153.0 0
4 2 0.148815535047 0 0.0 2369.0 9175.0 6069
5 1 0.148138452814 0 0.0 2392.0 9153.0 6159
5 2 0.0 0 0.0 0.0 9175.0 0
6 1 0.0 0 0.0 0.0 9153.0 0
6 2 0.148640352219 0 0.0 2380.0 9175.0 6107
{1: 0.1498232268080766, 2: 0.14946647164950366, 3: 0.14919680793661214, 4: 0.14881553504740547, 5: 0.1481384528136935, 6: 0.14864035221881522} {1: 0, 2: 0, 3: 0, 4: 0, 5: 0, 6: 0}
0.94 0 0.297728921876
./new_config_single/with_0_coupling/Test_config(70%)/test_config0.95.txt
{1: set([1]), 2: set([2]), 3: set([1]), 4: set([2]), 5: set([1]), 6: set([2])}
1 1 0.148446062611 0 0.0 2394.0 9258.0 6145
1 2 0.0 0 0.0 0.0 9239.0 0
2 1 0.0 0 0.0 0.0 9258.0 0
2 2 0.147116873427 0 0.0 2392.0 9239.0 6178
3 1 0.148880142709 0 0.0 2405.0 9258.0 6166
3 2 0.0 0 0.0 0.0 9239.0 0
4 1 0.0 0 0.0 0.0 9258.0 0
4 2 0.14974779028 0 0.0 2398.0 9239.0 6123
5 1 0.148553027256 0 0.0 2415.0 9258.0 6205
5 2 0.0 0 0.0 0.0 9239.0 0
6 1 0.0 0 0.0 0.0 9258.0 0
6 2 0.147910716536 0 0.0 2399.0 9239.0 6177
{1: 0.14844606261137192, 2: 0.14711687342703542, 3: 0.14888014270912972, 4: 0.14974779028008034, 5: 0.1485530272557768, 6: 0.1479107165360805} {1: 0, 2: 0, 3: 0, 4: 0, 5: 0, 6: 0}
0.95 0 0.296587986069
./new_config_single/with_0_coupling/Test_config(70%)/test_config0.96.txt
{1: set([1]), 2: set([2]), 3: set([1]), 4: set([2]), 5: set([1]), 6: set([2])}
1 1 0.149646694233 0 0.0 2426.0 9316.0 6201
1 2 0.0 0 0.0 0.0 9341.0 0
2 1 0.0 0 0.0 0.0 9316.0 0
2 2 0.148222687205 0 0.0 2428.0 9341.0 6244
3 1 0.148035261984 0 0.0 2422.0 9316.0 6234
3 2 0.0 0 0.0 0.0 9341.0 0
4 1 0.0 0 0.0 0.0 9316.0 0
4 2 0.147973596275 0 0.0 2422.0 9341.0 6233
5 1 0.147535361975 0 0.0 2405.0 9316.0 6197
5 2 0.0 0 0.0 0.0 9341.0 0
6 1 0.0 0 0.0 0.0 9316.0 0
6 2 0.149078493352 0 0.0 2423.0 9341.0 6205
{1: 0.1496466942333499, 2: 0.14822268720545645, 3: 0.14803526198411907, 4: 0.14797359627546525, 5: 0.14753536197506711, 6: 0.14907849335209128} {1: 0, 2: 0, 3: 0, 4: 0, 5: 0, 6: 0}
0.96 0 0.296533867644
./new_config_single/with_0_coupling/Test_config(70%)/test_config0.97.txt
{1: set([1]), 2: set([2]), 3: set([1]), 4: set([2]), 5: set([1]), 6: set([2])}
1 1 0.148227189521 0 0.0 2429.0 9358.0 6245
1 2 0.0 0 0.0 0.0 9403.0 0
2 1 0.0 0 0.0 0.0 9358.0 0
2 2 0.147872164204 0 0.0 2432.0 9403.0 6259
3 1 0.148440133899 0 0.0 2423.0 9358.0 6221
3 2 0.0 0 0.0 0.0 9403.0 0
4 1 0.0 0 0.0 0.0 9358.0 0
4 2 0.147765716203 0 0.0 2438.0 9403.0 6280
5 1 0.148262557495 0 0.0 2431.0 9358.0 6250
5 2 0.0 0 0.0 0.0 9403.0 0
6 1 0.0 0 0.0 0.0 9358.0 0
6 2 0.149077709659 0 0.0 2446.0 9403.0 6267
{1: 0.14822718952109032, 2: 0.14787216420427118, 3: 0.14844013389916916, 4: 0.14776571620319934, 5: 0.1482625574948679, 6: 0.1490777096590747} {1: 0, 2: 0, 3: 0, 4: 0, 5: 0, 6: 0}
0.97 0 0.296251941837
./new_config_single/with_0_coupling/Test_config(70%)/test_config0.98.txt
{1: set([1]), 2: set([2]), 3: set([1]), 4: set([2]), 5: set([1]), 6: set([2])}
1 1 0.148186693726 0 0.0 2453.0 9440.0 6309
1 2 0.0 0 0.0 0.0 9466.0 0
2 1 0.0 0 0.0 0.0 9440.0 0
2 2 0.147789238267 0 0.0 2475.0 9466.0 6383
3 1 0.148432986099 0 0.0 2458.0 9440.0 6317
3 2 0.0 0 0.0 0.0 9466.0 0
4 1 0.0 0 0.0 0.0 9440.0 0
4 2 0.146449739455 0 0.0 2413.0 9466.0 6235
5 1 0.147476827331 0 0.0 2428.0 9440.0 6254
5 2 0.0 0 0.0 0.0 9466.0 0
6 1 0.0 0 0.0 0.0 9440.0 0
6 2 0.149810988555 0 0.0 2471.0 9466.0 6314
{1: 0.14818669372576126, 2: 0.14778923826660156, 3: 0.14843298609864264, 4: 0.14644973945472517, 5: 0.1474768273305085, 6: 0.1498109885551675} {1: 0, 2: 0, 3: 0, 4: 0, 5: 0, 6: 0}
0.98 0 0.295752775653
./new_config_single/with_0_coupling/Test_config(70%)/test_config0.99.txt
{1: set([1]), 2: set([2]), 3: set([1]), 4: set([2]), 5: set([1]), 6: set([2])}
1 1 0.146767175079 0 0.0 2462.0 9526.0 6367
1 2 0.0 0 0.0 0.0 9547.0 0
2 1 0.0 0 0.0 0.0 9526.0 0
2 2 0.147386241113 0 0.0 2460.0 9547.0 6341
3 1 0.149424237296 0 0.0 2493.0 9526.0 6384
3 2 0.0 0 0.0 0.0 9547.0 0
4 1 0.0 0 0.0 0.0 9526.0 0
4 2 0.149132158444 0 0.0 2492.0 9547.0 6387
5 1 0.147705896818 0 0.0 2449.0 9526.0 6301
5 2 0.0 0 0.0 0.0 9547.0 0
6 1 0.0 0 0.0 0.0 9526.0 0
6 2 0.147562347462 0 0.0 2470.0 9547.0 6366
{1: 0.14676717507923, 2: 0.1473862411133426, 3: 0.14942423729630155, 4: 0.1491321584440055, 5: 0.14770589681757196, 6: 0.14756234746249802} {1: 0, 2: 0, 3: 0, 4: 0, 5: 0, 6: 0}
0.99 0 0.295696692719
./new_config_single/with_0_coupling/Test_config(70%)/test_config1.0.txt
{1: set([1]), 2: set([2]), 3: set([1]), 4: set([2]), 5: set([1]), 6: set([2])}
1 1 0.149610890707 0 0.0 2512.0 9619.0 6425
1 2 0.0 0 0.0 0.0 9598.0 0
2 1 0.0 0 0.0 0.0 9619.0 0
2 2 0.14764649289 0 0.0 2483.0 9598.0 6397
3 1 0.146248164864 0 0.0 2484.0 9619.0 6438
3 2 0.0 0 0.0 0.0 9598.0 0
4 1 0.0 0 0.0 0.0 9619.0 0
4 2 0.148549465118 0 0.0 2492.0 9598.0 6398
5 1 0.148325283649 0 0.0 2483.0 9619.0 6375
5 2 0.0 0 0.0 0.0 9598.0 0
6 1 0.0 0 0.0 0.0 9619.0 0
6 2 0.148028509686 0 0.0 2488.0 9598.0 6401
{1: 0.1496108907067992, 2: 0.14764649288998488, 3: 0.1462481648640417, 4: 0.14854946511786743, 5: 0.1483252836490606, 6: 0.14802850968595813} {1: 0, 2: 0, 3: 0, 4: 0, 5: 0, 6: 0}
1.0 0 0.295840132702
