./new_config_multi/Test_config(80%)/test_config0.0.txt
1 1 0 0 0 0.0 0.0 0
1 2 0 0 0 0.0 0.0 0
1 1 0.121844444444 0 0.243688888889 7000.0 30000.0 10000 10034
0.121844444444
2 1 0 0 0 0.0 0.0 0
2 2 0 0 0 0.0 0.0 0
2 1 0.122633333333 0 0.245266666667 7000.0 30000.0 10000 9963
0.122633333333
3 1 0 0 0 0.0 0.0 0
3 2 0 0 0 0.0 0.0 0
3 1 0.122188888889 0 0.244377777778 7000.0 30000.0 10000 10003
0.122188888889
{1: 0, 2: 0, 3: 0} {1: 0.12184444444444445, 2: 0.12263333333333333, 3: 0.12218888888888889}
0.0 30000 0.1221
./new_config_multi/Test_config(80%)/test_config0.01.txt
1 1 0.168788580247 0 0.0 39.0 144.0 92
1 2 0.155044367284 0 0.0 39.0 144.0 98
1 1 0.121844444444 0 0.243688888889 7000.0 30000.0 10000 10034
0.121844444444
2 1 0.147846739969 0 0.0 39.0 144.0 101
2 2 0.16202498071 0 0.0 39.0 144.0 95
2 1 0.122633333333 0 0.245266666667 7000.0 30000.0 10000 9963
0.122633333333
3 1 0.16202498071 0 0.0 39.0 144.0 95
3 2 0.16202498071 0 0.0 39.0 144.0 95
3 1 0.122188888889 0 0.244377777778 7000.0 30000.0 10000 10003
0.122188888889
{1: 0.32383294753086417, 2: 0.30987172067901236, 3: 0.32404996141975306} {1: 0.12184444444444445, 2: 0.12263333333333333, 3: 0.12218888888888889}
0.01 30000 0.441032291667
./new_config_multi/Test_config(80%)/test_config0.02.txt
1 1 0.151190940116 0 0.0 77.0 291.0 196
1 2 0.154627366233 0 0.0 78.0 291.0 196
1 1 0.121844444444 0 0.243688888889 7000.0 30000.0 10000 10034
0.121844444444
2 1 0.156930126002 0 0.0 78.0 291.0 194
2 2 0.153387418665 0 0.0 79.0 291.0 200
2 1 0.122633333333 0 0.245266666667 7000.0 30000.0 10000 9963
0.122633333333
3 1 0.162645693839 0 0.0 79.0 291.0 192
3 2 0.162468558472 0 0.0 77.0 291.0 186
3 1 0.122188888889 0 0.244377777778 7000.0 30000.0 10000 10003
0.122188888889
{1: 0.3058183063497124, 2: 0.310317544667635, 3: 0.32511425231161656} {1: 0.12184444444444445, 2: 0.12263333333333333, 3: 0.12218888888888889}
0.02 30000 0.435536284409
./new_config_multi/Test_config(80%)/test_config0.03.txt
1 1 0.153826013646 0 0.0 116.0 437.0 292
1 2 0.15550799313 0 0.0 118.0 435.0 296
1 1 0.121844444444 0 0.243688888889 7000.0 30000.0 10000 10034
0.121844444444
2 1 0.160600673408 0 0.0 116.0 437.0 283
2 2 0.155543664949 0 0.0 115.0 435.0 287
2 1 0.122633333333 0 0.245266666667 7000.0 30000.0 10000 9963
0.122633333333
3 1 0.152986872215 0 0.0 118.0 437.0 299
3 2 0.155543664949 0 0.0 115.0 435.0 287
3 1 0.122188888889 0 0.244377777778 7000.0 30000.0 10000 10003
0.122188888889
{1: 0.3093340067760657, 2: 0.3161443383568605, 3: 0.3085305371639968} {1: 0.12184444444444445, 2: 0.12263333333333333, 3: 0.12218888888888889}
0.03 30000 0.433124957805
./new_config_multi/Test_config(80%)/test_config0.04.txt
1 1 0.158882893219 0 0.0 157.0 586.0 387
1 2 0.157638971463 0 0.0 154.0 580.0 381
1 1 0.121844444444 0 0.243688888889 7000.0 30000.0 10000 10034
0.121844444444
2 1 0.153752518958 0 0.0 157.0 586.0 396
2 2 0.155350029727 0 0.0 156.0 580.0 391
2 1 0.122633333333 0 0.245266666667 7000.0 30000.0 10000 9963
0.122633333333
3 1 0.154340033081 0 0.0 155.0 586.0 389
3 2 0.153638525565 0 0.0 154.0 580.0 388
3 1 0.122188888889 0 0.244377777778 7000.0 30000.0 10000 10003
0.122188888889
{1: 0.3165218646820346, 2: 0.3091025486842208, 3: 0.30797855864614426} {1: 0.12184444444444445, 2: 0.12263333333333333, 3: 0.12218888888888889}
0.04 30000 0.43298978968
./new_config_multi/Test_config(80%)/test_config0.05.txt
1 1 0.153234814636 0 0.0 192.0 728.0 484
1 2 0.15631638206 0 0.0 195.0 730.0 486
1 1 0.121844444444 0 0.243688888889 7000.0 30000.0 10000 10034
0.121844444444
2 1 0.155972633136 0 0.0 196.0 728.0 490
2 2 0.152193657347 0 0.0 194.0 730.0 492
2 1 0.122633333333 0 0.245266666667 7000.0 30000.0 10000 9963
0.122633333333
3 1 0.15689341565 0 0.0 194.0 728.0 482
3 2 0.158132857947 0 0.0 195.0 730.0 482
3 1 0.122188888889 0 0.244377777778 7000.0 30000.0 10000 10003
0.122188888889
{1: 0.3095511966963376, 2: 0.3081662904826888, 3: 0.3150262735973658} {1: 0.12184444444444445, 2: 0.12263333333333333, 3: 0.12218888888888889}
0.05 30000 0.432703672339
./new_config_multi/Test_config(80%)/test_config0.06.txt
1 1 0.157373184418 0 0.0 230.0 871.0 569
1 2 0.154356276552 0 0.0 231.0 871.0 580
1 1 0.121844444444 0 0.243688888889 7000.0 30000.0 10000 10034
0.121844444444
2 1 0.153208170927 0 0.0 230.0 871.0 580
2 2 0.154325629646 0 0.0 228.0 871.0 571
2 1 0.122633333333 0 0.245266666667 7000.0 30000.0 10000 9963
0.122633333333
3 1 0.152775489329 0 0.0 234.0 871.0 593
3 2 0.154703937699 0 0.0 235.0 871.0 591
3 1 0.122188888889 0 0.244377777778 7000.0 30000.0 10000 10003
0.122188888889
{1: 0.3117294609703404, 2: 0.3075338005723392, 3: 0.3074794270280673} {1: 0.12184444444444445, 2: 0.12263333333333333, 3: 0.12218888888888889}
0.06 30000 0.430705315294
./new_config_multi/Test_config(80%)/test_config0.07.txt
1 1 0.153883034861 0 0.0 270.0 1013.0 680
1 2 0.155015667768 0 0.0 268.0 1017.0 670
1 1 0.121844444444 0 0.243688888889 7000.0 30000.0 10000 10034
0.121844444444
2 1 0.154546424614 0 0.0 269.0 1013.0 675
2 2 0.152081043113 0 0.0 268.0 1017.0 679
2 1 0.122633333333 0 0.245266666667 7000.0 30000.0 10000 9963
0.122633333333
3 1 0.153883765734 0 0.0 267.0 1013.0 671
3 2 0.156985861785 0 0.0 275.0 1017.0 685
3 1 0.122188888889 0 0.244377777778 7000.0 30000.0 10000 10003
0.122188888889
{1: 0.30889870262863584, 2: 0.3066274677269775, 3: 0.3108696275197398} {1: 0.12184444444444445, 2: 0.12263333333333333, 3: 0.12218888888888889}
0.07 30000 0.430589800692
./new_config_multi/Test_config(80%)/test_config0.08.txt
1 1 0.155014282324 0 0.0 306.0 1154.0 766
1 2 0.153571782572 0 0.0 305.0 1154.0 768
1 1 0.121844444444 0 0.243688888889 7000.0 30000.0 10000 10034
0.121844444444
2 1 0.150669512118 0 0.0 305.0 1154.0 778
2 2 0.155593046866 0 0.0 307.0 1154.0 767
2 1 0.122633333333 0 0.245266666667 7000.0 30000.0 10000 9963
0.122633333333
3 1 0.156455280255 0 0.0 307.0 1154.0 764
3 2 0.152991891665 0 0.0 306.0 1154.0 773
3 1 0.122188888889 0 0.244377777778 7000.0 30000.0 10000 10003
0.122188888889
{1: 0.3085860648967197, 2: 0.30626255898404764, 3: 0.3094471719195384} {1: 0.12184444444444445, 2: 0.12263333333333333, 3: 0.12218888888888889}
0.08 30000 0.429890500002
./new_config_multi/Test_config(80%)/test_config0.09.txt
1 1 0.157770229249 0 0.0 349.0 1293.0 866
1 2 0.152616653777 0 0.0 341.0 1293.0 862
1 1 0.121844444444 0 0.243688888889 7000.0 30000.0 10000 10034
0.121844444444
2 1 0.152864881936 0 0.0 344.0 1293.0 870
2 2 0.157763051567 0 0.0 345.0 1293.0 854
2 1 0.122633333333 0 0.245266666667 7000.0 30000.0 10000 9963
0.122633333333
3 1 0.153368515937 0 0.0 338.0 1293.0 850
3 2 0.151318091526 0 0.0 342.0 1293.0 870
3 1 0.122188888889 0 0.244377777778 7000.0 30000.0 10000 10003
0.122188888889
{1: 0.3103868830259192, 2: 0.310627933503564, 3: 0.30468660746275533} {1: 0.12184444444444445, 2: 0.12263333333333333, 3: 0.12218888888888889}
0.09 30000 0.430358574189
./new_config_multi/Test_config(80%)/test_config0.1.txt
1 1 0.152256050408 0 0.0 381.0 1442.0 965
1 2 0.15458542417 0 0.0 377.0 1426.0 945
1 1 0.121844444444 0 0.243688888889 7000.0 30000.0 10000 10034
0.121844444444
2 1 0.155030937344 0 0.0 383.0 1442.0 959
2 2 0.153185973181 0 0.0 376.0 1426.0 948
2 1 0.122633333333 0 0.245266666667 7000.0 30000.0 10000 9963
0.122633333333
3 1 0.153413255207 0 0.0 381.0 1442.0 960
3 2 0.151308277059 0 0.0 377.0 1426.0 959
3 1 0.122188888889 0 0.244377777778 7000.0 30000.0 10000 10003
0.122188888889
{1: 0.3068414745779594, 2: 0.30821691052520145, 3: 0.3047215322654738} {1: 0.12184444444444445, 2: 0.12263333333333333, 3: 0.12218888888888889}
0.1 30000 0.428386712484
./new_config_multi/Test_config(80%)/test_config0.11.txt
1 1 0.154442973118 0 0.0 424.0 1576.0 1067
1 2 0.156138671161 0 0.0 417.0 1562.0 1040
1 1 0.121844444444 0 0.243688888889 7000.0 30000.0 10000 10034
0.121844444444
2 1 0.154667631059 0 0.0 415.0 1576.0 1039
2 2 0.150803801391 0 0.0 409.0 1562.0 1041
2 1 0.122633333333 0 0.245266666667 7000.0 30000.0 10000 9963
0.122633333333
3 1 0.153198597619 0 0.0 415.0 1576.0 1046
3 2 0.153577749233 0 0.0 414.0 1562.0 1043
3 1 0.122188888889 0 0.244377777778 7000.0 30000.0 10000 10003
0.122188888889
{1: 0.3105816442792919, 2: 0.305471432449098, 3: 0.30677634685225663} {1: 0.12184444444444445, 2: 0.12263333333333333, 3: 0.12218888888888889}
0.11 30000 0.429402198052
./new_config_multi/Test_config(80%)/test_config0.12.txt
1 1 0.157398641588 0 0.0 460.0 1721.0 1141
1 2 0.153094326439 0 0.0 452.0 1707.0 1141
1 1 0.121844444444 0 0.243688888889 7000.0 30000.0 10000 10034
0.121844444444
2 1 0.153331914171 0 0.0 457.0 1721.0 1153
2 2 0.154851795683 0 0.0 455.0 1707.0 1141
2 1 0.122633333333 0 0.245266666667 7000.0 30000.0 10000 9963
0.122633333333
3 1 0.151978786167 0 0.0 453.0 1721.0 1148
3 2 0.153092009915 0 0.0 449.0 1707.0 1132
3 1 0.122188888889 0 0.244377777778 7000.0 30000.0 10000 10003
0.122188888889
{1: 0.3104929680271362, 2: 0.3081837098542539, 3: 0.3050707960825244} {1: 0.12184444444444445, 2: 0.12263333333333333, 3: 0.12218888888888889}
0.12 30000 0.42970790883
./new_config_multi/Test_config(80%)/test_config0.13.txt
1 1 0.148982062837 0 0.0 487.0 1847.0 1251
1 2 0.153635508659 0 0.0 486.0 1842.0 1223
1 1 0.121844444444 0 0.243688888889 7000.0 30000.0 10000 10034
0.121844444444
2 1 0.152950511064 0 0.0 481.0 1847.0 1211
2 2 0.153094167813 0 0.0 486.0 1842.0 1226
2 1 0.122633333333 0 0.245266666667 7000.0 30000.0 10000 9963
0.122633333333
3 1 0.156770706767 0 0.0 495.0 1847.0 1232
3 2 0.153633740293 0 0.0 490.0 1842.0 1235
3 1 0.122188888889 0 0.244377777778 7000.0 30000.0 10000 10003
0.122188888889
{1: 0.30261757149529894, 2: 0.30604467887764664, 3: 0.3104044470597654} {1: 0.12184444444444445, 2: 0.12263333333333333, 3: 0.12218888888888889}
0.13 30000 0.428149210245
./new_config_multi/Test_config(80%)/test_config0.14.txt
1 1 0.154334553348 0 0.0 527.0 1974.0 1325
1 2 0.154070536585 0 0.0 531.0 1994.0 1336
1 1 0.121844444444 0 0.243688888889 7000.0 30000.0 10000 10034
0.121844444444
2 1 0.151974657375 0 0.0 518.0 1974.0 1312
2 2 0.154566759456 0 0.0 526.0 1994.0 1318
2 1 0.122633333333 0 0.245266666667 7000.0 30000.0 10000 9963
0.122633333333
3 1 0.152649527443 0 0.0 519.0 1974.0 1311
3 2 0.151397271051 0 0.0 525.0 1994.0 1334
3 1 0.122188888889 0 0.244377777778 7000.0 30000.0 10000 10003
0.122188888889
{1: 0.3084050899321986, 2: 0.3065414168305447, 3: 0.304046798494256} {1: 0.12184444444444445, 2: 0.12263333333333333, 3: 0.12218888888888889}
0.14 30000 0.428124770651
./new_config_multi/Test_config(80%)/test_config0.15.txt
1 1 0.149783261017 0 0.0 556.0 2129.0 1421
1 2 0.152620149519 0 0.0 560.0 2120.0 1416
1 1 0.121844444444 0 0.243688888889 7000.0 30000.0 10000 10034
0.121844444444
2 1 0.154315497301 0 0.0 561.0 2129.0 1407
2 2 0.152461730153 0 0.0 557.0 2120.0 1408
2 1 0.122633333333 0 0.245266666667 7000.0 30000.0 10000 9963
0.122633333333
3 1 0.155883291882 0 0.0 572.0 2129.0 1430
3 2 0.152620149519 0 0.0 560.0 2120.0 1416
3 1 0.122188888889 0 0.244377777778 7000.0 30000.0 10000 10003
0.122188888889
{1: 0.30240341053654407, 2: 0.30677722745365976, 3: 0.3085034414015519} {1: 0.12184444444444445, 2: 0.12263333333333333, 3: 0.12218888888888889}
0.15 30000 0.427688798437
./new_config_multi/Test_config(80%)/test_config0.16.txt
1 1 0.154903783662 0 0.0 598.0 2253.0 1498
1 2 0.150455347685 0 0.0 590.0 2236.0 1506
1 1 0.121844444444 0 0.243688888889 7000.0 30000.0 10000 10034
0.121844444444
2 1 0.152231802583 0 0.0 598.0 2253.0 1516
2 2 0.152691483642 0 0.0 595.0 2236.0 1506
2 1 0.122633333333 0 0.245266666667 7000.0 30000.0 10000 9963
0.122633333333
3 1 0.152236530707 0 0.0 590.0 2253.0 1492
3 2 0.151910836179 0 0.0 578.0 2236.0 1460
3 1 0.122188888889 0 0.244377777778 7000.0 30000.0 10000 10003
0.122188888889
{1: 0.3053591313466733, 2: 0.30492328622569176, 3: 0.30414736688633054} {1: 0.12184444444444445, 2: 0.12263333333333333, 3: 0.12218888888888889}
0.16 30000 0.426605118225
./new_config_multi/Test_config(80%)/test_config0.17.txt
1 1 0.152283737024 0 0.0 630.0 2380.0 1596
1 2 0.152010271711 0 0.0 628.0 2396.0 1590
1 1 0.121844444444 0 0.243688888889 7000.0 30000.0 10000 10034
0.121844444444
2 1 0.15354477085 0 0.0 627.0 2380.0 1578
2 2 0.15284721719 0 0.0 633.0 2396.0 1599
2 1 0.122633333333 0 0.245266666667 7000.0 30000.0 10000 9963
0.122633333333
3 1 0.152007450039 0 0.0 626.0 2380.0 1586
3 2 0.154376268112 0 0.0 638.0 2396.0 1603
3 1 0.122188888889 0 0.244377777778 7000.0 30000.0 10000 10003
0.122188888889
{1: 0.30429400873472395, 2: 0.3063919880395464, 3: 0.30638371815124676} {1: 0.12184444444444445, 2: 0.12263333333333333, 3: 0.12218888888888889}
0.17 30000 0.42748421507
./new_config_multi/Test_config(80%)/test_config0.18.txt
1 1 0.15198131403 0 0.0 669.0 2528.0 1697
1 2 0.152411611773 0 0.0 666.0 2518.0 1686
1 1 0.121844444444 0 0.243688888889 7000.0 30000.0 10000 10034
0.121844444444
2 1 0.1526422658 0 0.0 670.0 2528.0 1695
2 2 0.153442592208 0 0.0 657.0 2518.0 1651
2 1 0.122633333333 0 0.245266666667 7000.0 30000.0 10000 9963
0.122633333333
3 1 0.151573265502 0 0.0 657.0 2528.0 1664
3 2 0.150676487511 0 0.0 666.0 2518.0 1699
3 1 0.122188888889 0 0.244377777778 7000.0 30000.0 10000 10003
0.122188888889
{1: 0.3043929258022242, 2: 0.30608485800847396, 3: 0.30224975301305623} {1: 0.12184444444444445, 2: 0.12263333333333333, 3: 0.12218888888888889}
0.18 30000 0.426038269762
./new_config_multi/Test_config(80%)/test_config0.19.txt
1 1 0.153034363764 0 0.0 698.0 2663.0 1759
1 2 0.152576209429 0 0.0 691.0 2644.0 1744
1 1 0.121844444444 0 0.243688888889 7000.0 30000.0 10000 10034
0.121844444444
2 1 0.149373819813 0 0.0 705.0 2663.0 1809
2 2 0.150182148203 0 0.0 685.0 2644.0 1745
2 1 0.122633333333 0 0.245266666667 7000.0 30000.0 10000 9963
0.122633333333
3 1 0.154284898025 0 0.0 701.0 2663.0 1758
3 2 0.150902530148 0 0.0 705.0 2644.0 1799
3 1 0.122188888889 0 0.244377777778 7000.0 30000.0 10000 10003
0.122188888889
{1: 0.3056105731926702, 2: 0.29955596801635187, 3: 0.30518742817315325} {1: 0.12184444444444445, 2: 0.12263333333333333, 3: 0.12218888888888889}
0.19 30000 0.425247871804
./new_config_multi/Test_config(80%)/test_config0.2.txt
1 1 0.149290408672 0 0.0 723.0 2785.0 1850
1 2 0.152623777355 0 0.0 741.0 2794.0 1875
1 1 0.121844444444 0 0.243688888889 7000.0 30000.0 10000 10034
0.121844444444
2 1 0.151318972825 0 0.0 736.0 2785.0 1872
2 2 0.150361285227 0 0.0 732.0 2794.0 1867
2 1 0.122633333333 0 0.245266666667 7000.0 30000.0 10000 9963
0.122633333333
3 1 0.153837594964 0 0.0 735.0 2785.0 1848
3 2 0.154647908469 0 0.0 737.0 2794.0 1846
3 1 0.122188888889 0 0.244377777778 7000.0 30000.0 10000 10003
0.122188888889
{1: 0.30191418602673703, 2: 0.30168025805175613, 3: 0.30848550343341563} {1: 0.12184444444444445, 2: 0.12263333333333333, 3: 0.12218888888888889}
0.2 30000 0.425822622521
./new_config_multi/Test_config(80%)/test_config0.21.txt
1 1 0.151044084374 0 0.0 767.0 2913.0 1952
1 2 0.150527753626 0 0.0 765.0 2926.0 1949
1 1 0.121844444444 0 0.243688888889 7000.0 30000.0 10000 10034
0.121844444444
2 1 0.154354852338 0 0.0 767.0 2913.0 1923
2 2 0.153942147359 0 0.0 772.0 2926.0 1940
2 1 0.122633333333 0 0.245266666667 7000.0 30000.0 10000 9963
0.122633333333
3 1 0.149785918894 0 0.0 763.0 2913.0 1951
3 2 0.150979077673 0 0.0 771.0 2926.0 1963
3 1 0.122188888889 0 0.244377777778 7000.0 30000.0 10000 10003
0.122188888889
{1: 0.30157183799996645, 2: 0.3082969996968315, 3: 0.3007649965666499} {1: 0.12184444444444445, 2: 0.12263333333333333, 3: 0.12218888888888889}
0.21 30000 0.42534106681
./new_config_multi/Test_config(80%)/test_config0.22.txt
1 1 0.152404566168 0 0.0 803.0 3035.0 2033
1 2 0.151417196289 0 0.0 790.0 3042.0 2002
1 1 0.121844444444 0 0.243688888889 7000.0 30000.0 10000 10034
0.121844444444
2 1 0.152181061694 0 0.0 794.0 3035.0 2008
2 2 0.151210226455 0 0.0 803.0 3042.0 2043
2 1 0.122633333333 0 0.245266666667 7000.0 30000.0 10000 9963
0.122633333333
3 1 0.14889167836 0 0.0 791.0 3035.0 2029
3 2 0.151980075351 0 0.0 804.0 3042.0 2039
3 1 0.122188888889 0 0.244377777778 7000.0 30000.0 10000 10003
0.122188888889
{1: 0.3038217624569004, 2: 0.3033912881486269, 3: 0.3008717537107872} {1: 0.12184444444444445, 2: 0.12263333333333333, 3: 0.12218888888888889}
0.22 30000 0.424492239837
./new_config_multi/Test_config(80%)/test_config0.23.txt
1 1 0.153330920477 0 0.0 833.0 3158.0 2099
1 2 0.149943082759 0 0.0 818.0 3174.0 2084
1 1 0.121844444444 0 0.243688888889 7000.0 30000.0 10000 10034
0.121844444444
2 1 0.152275291478 0 0.0 834.0 3158.0 2112
2 2 0.151004399721 0 0.0 840.0 3174.0 2140
2 1 0.122633333333 0 0.245266666667 7000.0 30000.0 10000 9963
0.122633333333
3 1 0.149848705961 0 0.0 824.0 3158.0 2105
3 2 0.152067304886 0 0.0 838.0 3174.0 2124
3 1 0.122188888889 0 0.244377777778 7000.0 30000.0 10000 10003
0.122188888889
{1: 0.30327400323510345, 2: 0.30327969119867504, 3: 0.3019160108476644} {1: 0.12184444444444445, 2: 0.12263333333333333, 3: 0.12218888888888889}
0.23 30000 0.424620411859
./new_config_multi/Test_config(80%)/test_config0.24.txt
1 1 0.153877170163 0 0.0 873.0 3297.0 2196
1 2 0.150621645218 0 0.0 865.0 3290.0 2205
1 1 0.121844444444 0 0.243688888889 7000.0 30000.0 10000 10034
0.121844444444
2 1 0.151648510162 0 0.0 871.0 3297.0 2212
2 2 0.150016721945 0 0.0 860.0 3290.0 2196
2 1 0.122633333333 0 0.245266666667 7000.0 30000.0 10000 9963
0.122633333333
3 1 0.148515543721 0 0.0 852.0 3297.0 2186
3 2 0.152038483569 0 0.0 861.0 3290.0 2179
3 1 0.122188888889 0 0.244377777778 7000.0 30000.0 10000 10003
0.122188888889
{1: 0.3044988153805818, 2: 0.3016652321065898, 3: 0.3005540272904491} {1: 0.12184444444444445, 2: 0.12263333333333333, 3: 0.12218888888888889}
0.24 30000 0.424037118901
./new_config_multi/Test_config(80%)/test_config0.25.txt
1 1 0.150297619564 0 0.0 886.0 3394.0 2259
1 2 0.151645788624 0 0.0 908.0 3437.0 2306
1 1 0.121844444444 0 0.243688888889 7000.0 30000.0 10000 10034
0.121844444444
2 1 0.14931389547 0 0.0 887.0 3394.0 2272
2 2 0.151260428263 0 0.0 905.0 3437.0 2301
2 1 0.122633333333 0 0.245266666667 7000.0 30000.0 10000 9963
0.122633333333
3 1 0.150493639509 0 0.0 886.0 3394.0 2257
3 2 0.149310198816 0 0.0 887.0 3437.0 2267
3 1 0.122188888889 0 0.244377777778 7000.0 30000.0 10000 10003
0.122188888889
{1: 0.3019434081887031, 2: 0.30057432373335896, 3: 0.2998038383249645} {1: 0.12184444444444445, 2: 0.12263333333333333, 3: 0.12218888888888889}
0.25 30000 0.422573082892
./new_config_multi/Test_config(80%)/test_config0.26.txt
1 1 0.151851173187 0 0.0 939.0 3559.0 2382
1 2 0.150063521984 0 0.0 937.0 3559.0 2395
1 1 0.121844444444 0 0.243688888889 7000.0 30000.0 10000 10034
0.121844444444
2 1 0.14960427841 0 0.0 930.0 3559.0 2379
2 2 0.151009818749 0 0.0 932.0 3559.0 2370
2 1 0.122633333333 0 0.245266666667 7000.0 30000.0 10000 9963
0.122633333333
3 1 0.150817796198 0 0.0 927.0 3559.0 2357
3 2 0.150627688148 0 0.0 925.0 3559.0 2353
3 1 0.122188888889 0 0.244377777778 7000.0 30000.0 10000 10003
0.122188888889
{1: 0.3019146951706634, 2: 0.30061409715926624, 3: 0.3014454843456521} {1: 0.12184444444444445, 2: 0.12263333333333333, 3: 0.12218888888888889}
0.26 30000 0.423123434133
./new_config_multi/Test_config(80%)/test_config0.27.txt
1 1 0.151385786108 0 0.0 968.0 3666.0 2461
1 2 0.151814732215 0 0.0 962.0 3644.0 2441
1 1 0.121844444444 0 0.243688888889 7000.0 30000.0 10000 10034
0.121844444444
2 1 0.14929622675 0 0.0 950.0 3666.0 2430
2 2 0.150533303772 0 0.0 949.0 3644.0 2416
2 1 0.122633333333 0 0.245266666667 7000.0 30000.0 10000 9963
0.122633333333
3 1 0.15130006899 0 0.0 961.0 3666.0 2441
3 2 0.146969090281 0 0.0 941.0 3644.0 2431
3 1 0.122188888889 0 0.244377777778 7000.0 30000.0 10000 10003
0.122188888889
{1: 0.3032005183232908, 2: 0.2998295305226347, 3: 0.2982691592712565} {1: 0.12184444444444445, 2: 0.12263333333333333, 3: 0.12218888888888889}
0.27 30000 0.422232636303
./new_config_multi/Test_config(80%)/test_config0.28.txt
1 1 0.15099029172 0 0.0 1000.0 3803.0 2545
1 2 0.15145773892 0 0.0 1003.0 3800.0 2549
1 1 0.121844444444 0 0.243688888889 7000.0 30000.0 10000 10034
0.121844444444
2 1 0.149762176213 0 0.0 988.0 3803.0 2523
2 2 0.15181267313 0 0.0 998.0 3800.0 2530
2 1 0.122633333333 0 0.245266666667 7000.0 30000.0 10000 9963
0.122633333333
3 1 0.151079434154 0 0.0 998.0 3803.0 2538
3 2 0.148389179363 0 0.0 982.0 3800.0 2521
3 1 0.122188888889 0 0.244377777778 7000.0 30000.0 10000 10003
0.122188888889
{1: 0.3024480306396233, 2: 0.3015748493436805, 3: 0.2994686135170621} {1: 0.12184444444444445, 2: 0.12263333333333333, 3: 0.12218888888888889}
0.28 30000 0.422962667336
./new_config_multi/Test_config(80%)/test_config0.29.txt
1 1 0.148732631907 0 0.0 1028.0 3924.0 2641
1 2 0.151090674481 0 0.0 1029.0 3927.0 2616
1 1 0.121844444444 0 0.243688888889 7000.0 30000.0 10000 10034
0.121844444444
2 1 0.152735044334 0 0.0 1034.0 3924.0 2612
2 2 0.148349843908 0 0.0 1006.0 3927.0 2579
2 1 0.122633333333 0 0.245266666667 7000.0 30000.0 10000 9963
0.122633333333
3 1 0.149585092678 0 0.0 1016.0 3924.0 2595
3 2 0.149450721789 0 0.0 1037.0 3927.0 2659
3 1 0.122188888889 0 0.244377777778 7000.0 30000.0 10000 10003
0.122188888889
{1: 0.29982330638814036, 2: 0.30108488824142143, 3: 0.2990358144676021} {1: 0.12184444444444445, 2: 0.12263333333333333, 3: 0.12218888888888889}
0.29 30000 0.421781355029
./new_config_multi/Test_config(80%)/test_config0.3.txt
1 1 0.150887671264 0 0.0 1048.0 4022.0 2664
1 2 0.151624902724 0 0.0 1063.0 4048.0 2697
1 1 0.121844444444 0 0.243688888889 7000.0 30000.0 10000 10034
0.121844444444
2 1 0.149978558381 0 0.0 1054.0 4022.0 2693
2 2 0.148988569967 0 0.0 1056.0 4048.0 2708
2 1 0.122633333333 0 0.245266666667 7000.0 30000.0 10000 9963
0.122633333333
3 1 0.149731533132 0 0.0 1051.0 4022.0 2687
3 2 0.149400728193 0 0.0 1052.0 4048.0 2691
3 1 0.122188888889 0 0.244377777778 7000.0 30000.0 10000 10003
0.122188888889
{1: 0.3025125739876803, 2: 0.29896712834813677, 3: 0.29913226132517057} {1: 0.12184444444444445, 2: 0.12263333333333333, 3: 0.12218888888888889}
0.3 30000 0.422003783899
./new_config_multi/Test_config(80%)/test_config0.31.txt
1 1 0.150607717239 0 0.0 1100.0 4168.0 2806
1 2 0.1502706002 0 0.0 1095.0 4188.0 2793
1 1 0.121844444444 0 0.243688888889 7000.0 30000.0 10000 10034
0.121844444444
2 1 0.150858289647 0 0.0 1091.0 4168.0 2776
2 2 0.149713110707 0 0.0 1094.0 4188.0 2797
2 1 0.122633333333 0 0.245266666667 7000.0 30000.0 10000 9963
0.122633333333
3 1 0.148530378148 0 0.0 1074.0 4168.0 2754
3 2 0.150349693808 0 0.0 1093.0 4188.0 2786
3 1 0.122188888889 0 0.244377777778 7000.0 30000.0 10000 10003
0.122188888889
{1: 0.3008783174390637, 2: 0.30057140035372837, 3: 0.298880071956863} {1: 0.12184444444444445, 2: 0.12263333333333333, 3: 0.12218888888888889}
0.31 30000 0.421909819987
./new_config_multi/Test_config(80%)/test_config0.32.txt
1 1 0.149133456975 0 0.0 1117.0 4278.0 2863
1 2 0.150081773562 0 0.0 1129.0 4302.0 2884
1 1 0.121844444444 0 0.243688888889 7000.0 30000.0 10000 10034
0.121844444444
2 1 0.150535325827 0 0.0 1115.0 4278.0 2839
2 2 0.15046205791 0 0.0 1116.0 4302.0 2840
2 1 0.122633333333 0 0.245266666667 7000.0 30000.0 10000 9963
0.122633333333
3 1 0.148901301133 0 0.0 1113.0 4278.0 2854
3 2 0.149695869781 0 0.0 1126.0 4302.0 2880
3 1 0.122188888889 0 0.244377777778 7000.0 30000.0 10000 10003
0.122188888889
{1: 0.2992152305372695, 2: 0.3009973837374019, 3: 0.2985971709140536} {1: 0.12184444444444445, 2: 0.12263333333333333, 3: 0.12218888888888889}
0.32 30000 0.421403658468
./new_config_multi/Test_config(80%)/test_config0.33.txt
1 1 0.147305284053 0 0.0 1140.0 4383.0 2944
1 2 0.148972072988 0 0.0 1142.0 4357.0 2931
1 1 0.121844444444 0 0.243688888889 7000.0 30000.0 10000 10034
0.121844444444
2 1 0.151262039586 0 0.0 1144.0 4383.0 2904
2 2 0.149041883801 0 0.0 1122.0 4357.0 2870
2 1 0.122633333333 0 0.245266666667 7000.0 30000.0 10000 9963
0.122633333333
3 1 0.148604248395 0 0.0 1137.0 4383.0 2918
3 2 0.14852125923 0 0.0 1134.0 4357.0 2913
3 1 0.122188888889 0 0.244377777778 7000.0 30000.0 10000 10003
0.122188888889
{1: 0.296277357041483, 2: 0.300303923387388, 3: 0.2971255076248085} {1: 0.12184444444444445, 2: 0.12263333333333333, 3: 0.12218888888888889}
0.33 30000 0.419704360422
./new_config_multi/Test_config(80%)/test_config0.34.txt
1 1 0.148612046783 0 0.0 1180.0 4524.0 3031
1 2 0.149260793776 0 0.0 1180.0 4526.0 3022
1 1 0.121844444444 0 0.243688888889 7000.0 30000.0 10000 10034
0.121844444444
2 1 0.150231369917 0 0.0 1176.0 4524.0 2997
2 2 0.149405487302 0 0.0 1174.0 4526.0 3002
2 1 0.122633333333 0 0.245266666667 7000.0 30000.0 10000 9963
0.122633333333
3 1 0.148540918618 0 0.0 1176.0 4524.0 3020
3 2 0.147492105806 0 0.0 1174.0 4526.0 3028
3 1 0.122188888889 0 0.244377777778 7000.0 30000.0 10000 10003
0.122188888889
{1: 0.29787284055880464, 2: 0.29963685721929434, 3: 0.29603302442406126} {1: 0.12184444444444445, 2: 0.12263333333333333, 3: 0.12218888888888889}
0.34 30000 0.419649726493
./new_config_multi/Test_config(80%)/test_config0.35.txt
1 1 0.149896503305 0 0.0 1225.0 4657.0 3133
1 2 0.150199990047 0 0.0 1212.0 4639.0 3092
1 1 0.121844444444 0 0.243688888889 7000.0 30000.0 10000 10034
0.121844444444
2 1 0.149685104181 0 0.0 1207.0 4657.0 3082
2 2 0.147820738826 0 0.0 1210.0 4639.0 3119
2 1 0.122633333333 0 0.245266666667 7000.0 30000.0 10000 9963
0.122633333333
3 1 0.147614928202 0 0.0 1203.0 4657.0 3099
3 2 0.150264196803 0 0.0 1204.0 4639.0 3067
3 1 0.122188888889 0 0.244377777778 7000.0 30000.0 10000 10003
0.122188888889
{1: 0.3000964933513319, 2: 0.2975058430070652, 3: 0.2978791250044019} {1: 0.12184444444444445, 2: 0.12263333333333333, 3: 0.12218888888888889}
0.35 30000 0.420295326634
./new_config_multi/Test_config(80%)/test_config0.36.txt
1 1 0.148241758724 0 0.0 1247.0 4775.0 3209
1 2 0.148698202062 0 0.0 1241.0 4780.0 3184
1 1 0.121844444444 0 0.243688888889 7000.0 30000.0 10000 10034
0.121844444444
2 1 0.147547216359 0 0.0 1229.0 4775.0 3165
2 2 0.148555522487 0 0.0 1247.0 4780.0 3204
2 1 0.122633333333 0 0.245266666667 7000.0 30000.0 10000 9963
0.122633333333
3 1 0.149923784984 0 0.0 1244.0 4775.0 3176
3 2 0.148486721171 0 0.0 1236.0 4780.0 3172
3 1 0.122188888889 0 0.244377777778 7000.0 30000.0 10000 10003
0.122188888889
{1: 0.29693996078600793, 2: 0.2961027388465521, 3: 0.2984105061548121} {1: 0.12184444444444445, 2: 0.12263333333333333, 3: 0.12218888888888889}
0.36 30000 0.418953917527
./new_config_multi/Test_config(80%)/test_config0.37.txt
1 1 0.14764149506 0 0.0 1249.0 4871.0 3213
1 2 0.14797965077 0 0.0 1269.0 4882.0 3267
1 1 0.121844444444 0 0.243688888889 7000.0 30000.0 10000 10034
0.121844444444
2 1 0.146969592114 0 0.0 1257.0 4871.0 3247
2 2 0.147976472527 0 0.0 1272.0 4882.0 3276
2 1 0.122633333333 0 0.245266666667 7000.0 30000.0 10000 9963
0.122633333333
3 1 0.149694219253 0 0.0 1282.0 4871.0 3282
3 2 0.149881142107 0 0.0 1263.0 4882.0 3221
3 1 0.122188888889 0 0.244377777778 7000.0 30000.0 10000 10003
0.122188888889
{1: 0.29562114583039534, 2: 0.29494606464091866, 3: 0.29957536135989016} {1: 0.12184444444444445, 2: 0.12263333333333333, 3: 0.12218888888888889}
0.37 30000 0.41851747642
./new_config_multi/Test_config(80%)/test_config0.38.txt
1 1 0.149816935763 0 0.0 1304.0 5012.0 3330
1 2 0.145903774221 0 0.0 1269.0 5015.0 3283
1 1 0.121844444444 0 0.243688888889 7000.0 30000.0 10000 10034
0.121844444444
2 1 0.147951052749 0 0.0 1291.0 5012.0 3319
2 2 0.149641394858 0 0.0 1323.0 5015.0 3389
2 1 0.122633333333 0 0.245266666667 7000.0 30000.0 10000 9963
0.122633333333
3 1 0.147412680039 0 0.0 1307.0 5012.0 3375
3 2 0.149527051945 0 0.0 1312.0 5015.0 3358
3 1 0.122188888889 0 0.244377777778 7000.0 30000.0 10000 10003
0.122188888889
{1: 0.29572070998349637, 2: 0.2975924476070387, 3: 0.29693973198364015} {1: 0.12184444444444445, 2: 0.12263333333333333, 3: 0.12218888888888889}
0.38 30000 0.418554212228
./new_config_multi/Test_config(80%)/test_config0.39.txt
1 1 0.148390309511 0 0.0 1330.0 5096.0 3420
1 2 0.146759984976 0 0.0 1314.0 5096.0 3397
1 1 0.121844444444 0 0.243688888889 7000.0 30000.0 10000 10034
0.121844444444
2 1 0.147082520705 0 0.0 1323.0 5096.0 3419
2 2 0.147937379011 0 0.0 1320.0 5096.0 3397
2 1 0.122633333333 0 0.245266666667 7000.0 30000.0 10000 9963
0.122633333333
3 1 0.149422907107 0 0.0 1313.0 5096.0 3353
3 2 0.148068197361 0 0.0 1321.0 5096.0 3398
3 1 0.122188888889 0 0.244377777778 7000.0 30000.0 10000 10003
0.122188888889
{1: 0.2951502944871343, 2: 0.29501989971510884, 3: 0.29749110446768967} {1: 0.12184444444444445, 2: 0.12263333333333333, 3: 0.12218888888888889}
0.39 30000 0.417691212457
./new_config_multi/Test_config(80%)/test_config0.4.txt
1 1 0.147595027014 0 0.0 1350.0 5226.0 3478
1 2 0.146599392321 0 0.0 1338.0 5248.0 3455
1 1 0.121844444444 0 0.243688888889 7000.0 30000.0 10000 10034
0.121844444444
2 1 0.147722008463 0 0.0 1356.0 5226.0 3494
2 2 0.146678082649 0 0.0 1358.0 5248.0 3514
2 1 0.122633333333 0 0.245266666667 7000.0 30000.0 10000 9963
0.122633333333
3 1 0.147467642798 0 0.0 1350.0 5226.0 3480
3 2 0.15042038917 0 0.0 1382.0 5248.0 3527
3 1 0.122188888889 0 0.244377777778 7000.0 30000.0 10000 10003
0.122188888889
{1: 0.2941944193347164, 2: 0.29440009111216536, 3: 0.2978880319678505} {1: 0.12184444444444445, 2: 0.12263333333333333, 3: 0.12218888888888889}
0.4 30000 0.417298686624
./new_config_multi/Test_config(80%)/test_config0.41.txt
1 1 0.148943783636 0 0.0 1402.0 5356.0 3598
1 2 0.147240522246 0 0.0 1380.0 5369.0 3558
1 1 0.121844444444 0 0.243688888889 7000.0 30000.0 10000 10034
0.121844444444
2 1 0.146460859123 0 0.0 1380.0 5356.0 3572
2 2 0.149540620411 0 0.0 1403.0 5369.0 3590
2 1 0.122633333333 0 0.245266666667 7000.0 30000.0 10000 9963
0.122633333333
3 1 0.148880897429 0 0.0 1383.0 5356.0 3542
3 2 0.147305567328 0 0.0 1391.0 5369.0 3590
3 1 0.122188888889 0 0.244377777778 7000.0 30000.0 10000 10003
0.122188888889
{1: 0.2961843058821955, 2: 0.29600147953392925, 3: 0.2961864647576239} {1: 0.12184444444444445, 2: 0.12263333333333333, 3: 0.12218888888888889}
0.41 30000 0.417927959308
./new_config_multi/Test_config(80%)/test_config0.42.txt
1 1 0.14713330616 0 0.0 1412.0 5496.0 3642
1 2 0.148033550841 0 0.0 1429.0 5507.0 3677
1 1 0.121844444444 0 0.243688888889 7000.0 30000.0 10000 10034
0.121844444444
2 1 0.148766912856 0 0.0 1418.0 5496.0 3633
2 2 0.148517681361 0 0.0 1432.0 5507.0 3678
2 1 0.122633333333 0 0.245266666667 7000.0 30000.0 10000 9963
0.122633333333
3 1 0.147659914833 0 0.0 1440.0 5496.0 3717
3 2 0.148032561625 0 0.0 1423.0 5507.0 3659
3 1 0.122188888889 0 0.244377777778 7000.0 30000.0 10000 10003
0.122188888889
{1: 0.29516685700097156, 2: 0.2972845942169878, 3: 0.29569247645796215} {1: 0.12184444444444445, 2: 0.12263333333333333, 3: 0.12218888888888889}
0.42 30000 0.417851927916
./new_config_multi/Test_config(80%)/test_config0.43.txt
1 1 0.148346346836 0 0.0 1454.0 5595.0 3737
1 2 0.14943751484 0 0.0 1447.0 5583.0 3699
1 1 0.121844444444 0 0.243688888889 7000.0 30000.0 10000 10034
0.121844444444
2 1 0.14851875278 0 0.0 1443.0 5595.0 3701
2 2 0.146932092058 0 0.0 1446.0 5583.0 3738
2 1 0.122633333333 0 0.245266666667 7000.0 30000.0 10000 9963
0.122633333333
3 1 0.148700334861 0 0.0 1461.0 5595.0 3752
3 2 0.145321715775 0 0.0 1434.0 5583.0 3729
3 1 0.122188888889 0 0.244377777778 7000.0 30000.0 10000 10003
0.122188888889
{1: 0.2977838616756338, 2: 0.29545084483865425, 3: 0.2940220506362109} {1: 0.12184444444444445, 2: 0.12263333333333333, 3: 0.12218888888888889}
0.43 30000 0.417556500131
./new_config_multi/Test_config(80%)/test_config0.44.txt
1 1 0.143848725104 0 0.0 1458.0 5647.0 3819
1 2 0.148383293097 0 0.0 1489.0 5705.0 3829
1 1 0.121844444444 0 0.243688888889 7000.0 30000.0 10000 10034
0.121844444444
2 1 0.147706536839 0 0.0 1456.0 5647.0 3748
2 2 0.147322220695 0 0.0 1460.0 5705.0 3760
2 1 0.122633333333 0 0.245266666667 7000.0 30000.0 10000 9963
0.122633333333
3 1 0.148051761994 0 0.0 1451.0 5647.0 3727
3 2 0.148327527631 0 0.0 1486.0 5705.0 3821
3 1 0.122188888889 0 0.244377777778 7000.0 30000.0 10000 10003
0.122188888889
{1: 0.2922320182009963, 2: 0.29502875753342506, 3: 0.2963792896255586} {1: 0.12184444444444445, 2: 0.12263333333333333, 3: 0.12218888888888889}
0.44 30000 0.416352141765
./new_config_multi/Test_config(80%)/test_config0.45.txt
1 1 0.147291326238 0 0.0 1495.0 5795.0 3856
1 2 0.146190640378 0 0.0 1482.0 5822.0 3833
1 1 0.121844444444 0 0.243688888889 7000.0 30000.0 10000 10034
0.121844444444
2 1 0.147004081797 0 0.0 1495.0 5795.0 3861
2 2 0.147748486208 0 0.0 1516.0 5822.0 3908
2 1 0.122633333333 0 0.245266666667 7000.0 30000.0 10000 9963
0.122633333333
3 1 0.148383927116 0 0.0 1507.0 5795.0 3873
3 2 0.147864776825 0 0.0 1515.0 5822.0 3903
3 1 0.122188888889 0 0.244377777778 7000.0 30000.0 10000 10003
0.122188888889
{1: 0.2934819666154668, 2: 0.2947525680051856, 3: 0.29624870394104474} {1: 0.12184444444444445, 2: 0.12263333333333333, 3: 0.12218888888888889}
0.45 30000 0.416632918441
./new_config_multi/Test_config(80%)/test_config0.46.txt
1 1 0.147569941045 0 0.0 1523.0 5897.0 3924
1 2 0.147564777899 0 0.0 1530.0 5907.0 3944
1 1 0.121844444444 0 0.243688888889 7000.0 30000.0 10000 10034
0.121844444444
2 1 0.147231152189 0 0.0 1524.0 5897.0 3933
2 2 0.145642940437 0 0.0 1524.0 5907.0 3960
2 1 0.122633333333 0 0.245266666667 7000.0 30000.0 10000 9963
0.122633333333
3 1 0.146326526633 0 0.0 1520.0 5897.0 3937
3 2 0.146769395468 0 0.0 1514.0 5907.0 3910
3 1 0.122188888889 0 0.244377777778 7000.0 30000.0 10000 10003
0.122188888889
{1: 0.29513471894441085, 2: 0.29287409262634134, 3: 0.2930959221010646} {1: 0.12184444444444445, 2: 0.12263333333333333, 3: 0.12218888888888889}
0.46 30000 0.415507876313
./new_config_multi/Test_config(80%)/test_config0.47.txt
1 1 0.145004764843 0 0.0 1526.0 5998.0 3968
1 2 0.144898630518 0 0.0 1541.0 6018.0 4013
1 1 0.121844444444 0 0.243688888889 7000.0 30000.0 10000 10034
0.121844444444
2 1 0.145836235731 0 0.0 1553.0 5998.0 4034
2 2 0.146669102861 0 0.0 1557.0 6018.0 4029
2 1 0.122633333333 0 0.245266666667 7000.0 30000.0 10000 9963
0.122633333333
3 1 0.146900667456 0 0.0 1546.0 5998.0 3994
3 2 0.148108985329 0 0.0 1554.0 6018.0 3994
3 1 0.122188888889 0 0.244377777778 7000.0 30000.0 10000 10003
0.122188888889
{1: 0.28990339536080467, 2: 0.29250533859181427, 3: 0.2950096527853856} {1: 0.12184444444444445, 2: 0.12263333333333333, 3: 0.12218888888888889}
0.47 30000 0.414280322784
./new_config_multi/Test_config(80%)/test_config0.48.txt
1 1 0.147351404209 0 0.0 1577.0 6143.0 4063
1 2 0.146353736512 0 0.0 1565.0 6091.0 4051
1 1 0.121844444444 0 0.243688888889 7000.0 30000.0 10000 10034
0.121844444444
2 1 0.147683901047 0 0.0 1590.0 6143.0 4096
2 2 0.145806840385 0 0.0 1567.0 6091.0 4067
2 1 0.122633333333 0 0.245266666667 7000.0 30000.0 10000 9963
0.122633333333
3 1 0.145343981624 0 0.0 1586.0 6143.0 4127
3 2 0.147448802342 0 0.0 1576.0 6091.0 4064
3 1 0.122188888889 0 0.244377777778 7000.0 30000.0 10000 10003
0.122188888889
{1: 0.29370514072083065, 2: 0.293490741432347, 3: 0.29279278396566344} {1: 0.12184444444444445, 2: 0.12263333333333333, 3: 0.12218888888888889}
0.48 30000 0.415136225818
./new_config_multi/Test_config(80%)/test_config0.49.txt
1 1 0.146356802843 0 0.0 1598.0 6232.0 4135
1 2 0.145331938004 0 0.0 1591.0 6195.0 4137
1 1 0.121844444444 0 0.243688888889 7000.0 30000.0 10000 10034
0.121844444444
2 1 0.14769647625 0 0.0 1613.0 6232.0 4155
2 2 0.14832979941 0 0.0 1591.0 6195.0 4081
2 1 0.122633333333 0 0.245266666667 7000.0 30000.0 10000 9963
0.122633333333
3 1 0.144752265214 0 0.0 1601.0 6232.0 4174
3 2 0.144244629576 0 0.0 1596.0 6195.0 4172
3 1 0.122188888889 0 0.244377777778 7000.0 30000.0 10000 10003
0.122188888889
{1: 0.2916887408460914, 2: 0.2960262756594936, 3: 0.2889968947908774} {1: 0.12184444444444445, 2: 0.12263333333333333, 3: 0.12218888888888889}
0.49 30000 0.414045066462
./new_config_multi/Test_config(80%)/test_config0.5.txt
1 1 0.145748388118 0 0.0 1623.0 6360.0 4208
1 2 0.146107916964 0 0.0 1638.0 6372.0 4245
1 1 0.121844444444 0 0.243688888889 7000.0 30000.0 10000 10034
0.121844444444
2 1 0.146698088485 0 0.0 1639.0 6360.0 4238
2 2 0.145738806864 0 0.0 1644.0 6372.0 4270
2 1 0.122633333333 0 0.245266666667 7000.0 30000.0 10000 9963
0.122633333333
3 1 0.145747572287 0 0.0 1645.0 6360.0 4274
3 2 0.147099681388 0 0.0 1639.0 6372.0 4229
3 1 0.122188888889 0 0.244377777778 7000.0 30000.0 10000 10003
0.122188888889
{1: 0.29185630508125227, 2: 0.2924368953495725, 3: 0.29284725367565545} {1: 0.12184444444444445, 2: 0.12263333333333333, 3: 0.12218888888888889}
0.5 30000 0.414187771217
./new_config_multi/Test_config(80%)/test_config0.51.txt
1 1 0.144150755194 0 0.0 1648.0 6426.0 4307
1 2 0.146352398422 0 0.0 1668.0 6460.0 4321
1 1 0.121844444444 0 0.243688888889 7000.0 30000.0 10000 10034
0.121844444444
2 1 0.145698941644 0 0.0 1636.0 6426.0 4241
2 2 0.146504782946 0 0.0 1656.0 6460.0 4282
2 1 0.122633333333 0 0.245266666667 7000.0 30000.0 10000 9963
0.122633333333
3 1 0.147263892243 0 0.0 1667.0 6426.0 4304
3 2 0.147178582896 0 0.0 1672.0 6460.0 4317
3 1 0.122188888889 0 0.244377777778 7000.0 30000.0 10000 10003
0.122188888889
{1: 0.29050315361665435, 2: 0.2922037245902102, 3: 0.29444247513934385} {1: 0.12184444444444445, 2: 0.12263333333333333, 3: 0.12218888888888889}
0.51 30000 0.414190734664
./new_config_multi/Test_config(80%)/test_config0.52.txt
1 1 0.147535891973 0 0.0 1704.0 6607.0 4390
1 2 0.144657052296 0 0.0 1670.0 6548.0 4351
1 1 0.121844444444 0 0.243688888889 7000.0 30000.0 10000 10034
0.121844444444
2 1 0.147335009772 0 0.0 1710.0 6607.0 4412
2 2 0.145519813228 0 0.0 1689.0 6548.0 4391
2 1 0.122633333333 0 0.245266666667 7000.0 30000.0 10000 9963
0.122633333333
3 1 0.145367399662 0 0.0 1697.0 6607.0 4412
3 2 0.14649012191 0 0.0 1683.0 6548.0 4354
3 1 0.122188888889 0 0.244377777778 7000.0 30000.0 10000 10003
0.122188888889
{1: 0.2921929442688201, 2: 0.2928548230006083, 3: 0.29185752157157674} {1: 0.12184444444444445, 2: 0.12263333333333333, 3: 0.12218888888888889}
0.52 30000 0.414109461184
./new_config_multi/Test_config(80%)/test_config0.53.txt
1 1 0.147446408849 0 0.0 1721.0 6651.0 4438
1 2 0.145864383918 0 0.0 1711.0 6666.0 4438
1 1 0.121844444444 0 0.243688888889 7000.0 30000.0 10000 10034
0.121844444444
2 1 0.145290751037 0 0.0 1709.0 6651.0 4445
2 2 0.144914401431 0 0.0 1708.0 6666.0 4448
2 1 0.122633333333 0 0.245266666667 7000.0 30000.0 10000 9963
0.122633333333
3 1 0.14508969217 0 0.0 1699.0 6651.0 4419
3 2 0.145764553953 0 0.0 1713.0 6666.0 4446
3 1 0.122188888889 0 0.244377777778 7000.0 30000.0 10000 10003
0.122188888889
{1: 0.2933107927669362, 2: 0.29020515246784206, 3: 0.29085424612352084} {1: 0.12184444444444445, 2: 0.12263333333333333, 3: 0.12218888888888889}
0.53 30000 0.413265273722
./new_config_multi/Test_config(80%)/test_config0.54.txt
1 1 0.144922845255 0 0.0 1711.0 6741.0 4449
1 2 0.145203453564 0 0.0 1717.0 6745.0 4461
1 1 0.121844444444 0 0.243688888889 7000.0 30000.0 10000 10034
0.121844444444
2 1 0.145472634113 0 0.0 1740.0 6741.0 4525
2 2 0.144271467045 0 0.0 1723.0 6745.0 4498
2 1 0.122633333333 0 0.245266666667 7000.0 30000.0 10000 9963
0.122633333333
3 1 0.146020777983 0 0.0 1738.0 6741.0 4508
3 2 0.145006289149 0 0.0 1739.0 6745.0 4531
3 1 0.122188888889 0 0.244377777778 7000.0 30000.0 10000 10003
0.122188888889
{1: 0.29012629881980406, 2: 0.2897441011577546, 3: 0.2910270671320107} {1: 0.12184444444444445, 2: 0.12263333333333333, 3: 0.12218888888888889}
0.54 30000 0.412108856547
./new_config_multi/Test_config(80%)/test_config0.55.txt
1 1 0.144125346473 0 0.0 1741.0 6874.0 4542
1 2 0.145257586124 0 0.0 1757.0 6843.0 4570
1 1 0.121844444444 0 0.243688888889 7000.0 30000.0 10000 10034
0.121844444444
2 1 0.145529962662 0 0.0 1779.0 6874.0 4627
2 2 0.144526351864 0 0.0 1745.0 6843.0 4549
2 1 0.122633333333 0 0.245266666667 7000.0 30000.0 10000 9963
0.122633333333
3 1 0.145103863178 0 0.0 1760.0 6874.0 4579
3 2 0.145257794338 0 0.0 1756.0 6843.0 4567
3 1 0.122188888889 0 0.244377777778 7000.0 30000.0 10000 10003
0.122188888889
{1: 0.2893829325966784, 2: 0.2900563145265217, 3: 0.2903616575162677} {1: 0.12184444444444445, 2: 0.12263333333333333, 3: 0.12218888888888889}
0.55 30000 0.411743701245
./new_config_multi/Test_config(80%)/test_config0.56.txt
1 1 0.144285141006 0 0.0 1762.0 6942.0 4595
1 2 0.144895728472 0 0.0 1778.0 6975.0 4627
1 1 0.121844444444 0 0.243688888889 7000.0 30000.0 10000 10034
0.121844444444
2 1 0.145202094716 0 0.0 1784.0 6942.0 4642
2 2 0.146039459925 0 0.0 1805.0 6975.0 4684
2 1 0.122633333333 0 0.245266666667 7000.0 30000.0 10000 9963
0.122633333333
3 1 0.143664697891 0 0.0 1775.0 6942.0 4647
3 2 0.144754455878 0 0.0 1781.0 6975.0 4639
3 1 0.122188888889 0 0.244377777778 7000.0 30000.0 10000 10003
0.122188888889
{1: 0.2891808694779039, 2: 0.2912415546402778, 3: 0.28841915376869204} {1: 0.12184444444444445, 2: 0.12263333333333333, 3: 0.12218888888888889}
0.56 30000 0.411424245436
./new_config_multi/Test_config(80%)/test_config0.57.txt
1 1 0.144780708875 0 0.0 1821.0 7088.0 4747
1 2 0.14474297445 0 0.0 1826.0 7116.0 4760
1 1 0.121844444444 0 0.243688888889 7000.0 30000.0 10000 10034
0.121844444444
2 1 0.144168404799 0 0.0 1818.0 7088.0 4751
2 2 0.144743640952 0 0.0 1817.0 7116.0 4733
2 1 0.122633333333 0 0.245266666667 7000.0 30000.0 10000 9963
0.122633333333
3 1 0.145900564302 0 0.0 1806.0 7088.0 4678
3 2 0.145306228457 0 0.0 1823.0 7116.0 4739
3 1 0.122188888889 0 0.244377777778 7000.0 30000.0 10000 10003
0.122188888889
{1: 0.2895236833242165, 2: 0.2889120457514591, 3: 0.2912067927588971} {1: 0.12184444444444445, 2: 0.12263333333333333, 3: 0.12218888888888889}
0.57 30000 0.411690959771
./new_config_multi/Test_config(80%)/test_config0.58.txt
1 1 0.14412357111 0 0.0 1815.0 7204.0 4731
1 2 0.144610454067 0 0.0 1842.0 7214.0 4801
1 1 0.121844444444 0 0.243688888889 7000.0 30000.0 10000 10034
0.121844444444
2 1 0.146459979009 0 0.0 1849.0 7204.0 4783
2 2 0.144656959956 0 0.0 1846.0 7214.0 4812
2 1 0.122633333333 0 0.245266666667 7000.0 30000.0 10000 9963
0.122633333333
3 1 0.143367799399 0 0.0 1864.0 7204.0 4894
3 2 0.145904414021 0 0.0 1856.0 7214.0 4815
3 1 0.122188888889 0 0.244377777778 7000.0 30000.0 10000 10003
0.122188888889
{1: 0.2887340251762756, 2: 0.29111693896524204, 3: 0.2892722134208707} {1: 0.12184444444444445, 2: 0.12263333333333333, 3: 0.12218888888888889}
0.58 30000 0.411518018128
./new_config_multi/Test_config(80%)/test_config0.59.txt
1 1 0.14341029706 0 0.0 1822.0 7212.0 4767
1 2 0.14585073259 0 0.0 1884.0 7271.0 4894
1 1 0.121844444444 0 0.243688888889 7000.0 30000.0 10000 10034
0.121844444444
2 1 0.142816137268 0 0.0 1837.0 7212.0 4825
2 2 0.143842724485 0 0.0 1859.0 7271.0 4863
2 1 0.122633333333 0 0.245266666667 7000.0 30000.0 10000 9963
0.122633333333
3 1 0.144571089843 0 0.0 1852.0 7212.0 4832
3 2 0.143412913631 0 0.0 1830.0 7271.0 4785
3 1 0.122188888889 0 0.244377777778 7000.0 30000.0 10000 10003
0.122188888889
{1: 0.28926102964973843, 2: 0.28665886175286637, 3: 0.2879840034730866} {1: 0.12184444444444445, 2: 0.12263333333333333, 3: 0.12218888888888889}
0.59 30000 0.409779996994
./new_config_multi/Test_config(80%)/test_config0.6.txt
1 1 0.142803523563 0 0.0 1853.0 7360.0 4859
1 2 0.14353038497 0 0.0 1865.0 7331.0 4882
1 1 0.121844444444 0 0.243688888889 7000.0 30000.0 10000 10034
0.121844444444
2 1 0.143040372275 0 0.0 1872.0 7360.0 4911
2 2 0.144710912438 0 0.0 1882.0 7331.0 4907
2 1 0.122633333333 0 0.245266666667 7000.0 30000.0 10000 9963
0.122633333333
3 1 0.145069836218 0 0.0 1900.0 7360.0 4950
3 2 0.143393154577 0 0.0 1861.0 7331.0 4873
3 1 0.122188888889 0 0.244377777778 7000.0 30000.0 10000 10003
0.122188888889
{1: 0.2863339085332423, 2: 0.2877512847136466, 3: 0.2884629907952596} {1: 0.12184444444444445, 2: 0.12263333333333333, 3: 0.12218888888888889}
0.6 30000 0.409328545286
./new_config_multi/Test_config(80%)/test_config0.61.txt
1 1 0.14329556143 0 0.0 1882.0 7455.0 4926
1 2 0.14278046701 0 0.0 1912.0 7515.0 5022
1 1 0.121844444444 0 0.243688888889 7000.0 30000.0 10000 10034
0.121844444444
2 1 0.14236312577 0 0.0 1897.0 7455.0 4992
2 2 0.143978071801 0 0.0 1913.0 7515.0 4998
2 1 0.122633333333 0 0.245266666667 7000.0 30000.0 10000 9963
0.122633333333
3 1 0.144509336367 0 0.0 1913.0 7455.0 4992
3 2 0.145176314039 0 0.0 1926.0 7515.0 5010
3 1 0.122188888889 0 0.244377777778 7000.0 30000.0 10000 10003
0.122188888889
{1: 0.28607602844037694, 2: 0.28634119757055687, 3: 0.28968565040555044} {1: 0.12184444444444445, 2: 0.12263333333333333, 3: 0.12218888888888889}
0.61 30000 0.409180257847
./new_config_multi/Test_config(80%)/test_config0.62.txt
1 1 0.142572940892 0 0.0 1920.0 7554.0 5047
1 2 0.144380389173 0 0.0 1943.0 7574.0 5073
1 1 0.121844444444 0 0.243688888889 7000.0 30000.0 10000 10034
0.121844444444
2 1 0.144515007785 0 0.0 1932.0 7554.0 5039
2 2 0.143678364144 0 0.0 1927.0 7574.0 5041
2 1 0.122633333333 0 0.245266666667 7000.0 30000.0 10000 9963
0.122633333333
3 1 0.143278640019 0 0.0 1917.0 7554.0 5022
3 2 0.142929468588 0 0.0 1919.0 7574.0 5034
3 1 0.122188888889 0 0.244377777778 7000.0 30000.0 10000 10003
0.122188888889
{1: 0.2869533300655662, 2: 0.28819337192906, 3: 0.28620810860741674} {1: 0.12184444444444445, 2: 0.12263333333333333, 3: 0.12218888888888889}
0.62 30000 0.40893115193
./new_config_multi/Test_config(80%)/test_config0.63.txt
1 1 0.143582576673 0 0.0 1968.0 7655.0 5158
1 2 0.142231540138 0 0.0 1924.0 7666.0 5056
1 1 0.121844444444 0 0.243688888889 7000.0 30000.0 10000 10034
0.121844444444
2 1 0.144422501057 0 0.0 1954.0 7655.0 5097
2 2 0.143983306027 0 0.0 1958.0 7666.0 5118
2 1 0.122633333333 0 0.245266666667 7000.0 30000.0 10000 9963
0.122633333333
3 1 0.141277499924 0 0.0 1916.0 7655.0 5055
3 2 0.145756767561 0 0.0 1985.0 7666.0 5158
3 1 0.122188888889 0 0.244377777778 7000.0 30000.0 10000 10003
0.122188888889
{1: 0.2858141168101189, 2: 0.28840580708385477, 3: 0.2870342674849323} {1: 0.12184444444444445, 2: 0.12263333333333333, 3: 0.12218888888888889}
0.63 30000 0.408897645729
./new_config_multi/Test_config(80%)/test_config0.64.txt
1 1 0.143459390516 0 0.0 1988.0 7790.0 5208
1 2 0.143293390208 0 0.0 2000.0 7819.0 5245
1 1 0.121844444444 0 0.243688888889 7000.0 30000.0 10000 10034
0.121844444444
2 1 0.143663228918 0 0.0 2002.0 7790.0 5245
2 2 0.144490202875 0 0.0 1993.0 7819.0 5196
2 1 0.122633333333 0 0.245266666667 7000.0 30000.0 10000 9963
0.122633333333
3 1 0.143057040477 0 0.0 1958.0 7790.0 5127
3 2 0.142145619229 0 0.0 1975.0 7819.0 5197
3 1 0.122188888889 0 0.244377777778 7000.0 30000.0 10000 10003
0.122188888889
{1: 0.2867527807233732, 2: 0.2881534317931135, 3: 0.2852026597058238} {1: 0.12184444444444445, 2: 0.12263333333333333, 3: 0.12218888888888889}
0.64 30000 0.40851625445
./new_config_multi/Test_config(80%)/test_config0.65.txt
1 1 0.142802401621 0 0.0 2002.0 7899.0 5255
1 2 0.142047201945 0 0.0 2000.0 7898.0 5267
1 1 0.121844444444 0 0.243688888889 7000.0 30000.0 10000 10034
0.121844444444
2 1 0.143306138338 0 0.0 2019.0 7899.0 5294
2 2 0.143355383059 0 0.0 2012.0 7898.0 5272
2 1 0.122633333333 0 0.245266666667 7000.0 30000.0 10000 9963
0.122633333333
3 1 0.143561318303 0 0.0 2006.0 7899.0 5249
3 2 0.142595596867 0 0.0 2001.0 7898.0 5257
3 1 0.122188888889 0 0.244377777778 7000.0 30000.0 10000 10003
0.122188888889
{1: 0.2848496035657084, 2: 0.2866615213966146, 3: 0.28615691516978814} {1: 0.12184444444444445, 2: 0.12263333333333333, 3: 0.12218888888888889}
0.65 30000 0.407703457364
./new_config_multi/Test_config(80%)/test_config0.66.txt
1 1 0.142454924452 0 0.0 2032.0 7964.0 5347
1 2 0.144262626125 0 0.0 2028.0 8011.0 5287
1 1 0.121844444444 0 0.243688888889 7000.0 30000.0 10000 10034
0.121844444444
2 1 0.143044803449 0 0.0 2031.0 7964.0 5330
2 2 0.144148892234 0 0.0 2043.0 8011.0 5335
2 1 0.122633333333 0 0.245266666667 7000.0 30000.0 10000 9963
0.122633333333
3 1 0.142823799356 0 0.0 2003.0 7964.0 5251
3 2 0.141930002282 0 0.0 2047.0 8011.0 5400
3 1 0.122188888889 0 0.244377777778 7000.0 30000.0 10000 10003
0.122188888889
{1: 0.2867175505769719, 2: 0.2871936956823773, 3: 0.2847538016383303} {1: 0.12184444444444445, 2: 0.12263333333333333, 3: 0.12218888888888889}
0.66 30000 0.40803546095
./new_config_multi/Test_config(80%)/test_config0.67.txt
1 1 0.14391245005 0 0.0 2048.0 8068.0 5350
1 2 0.14354034988 0 0.0 2069.0 8067.0 5422
1 1 0.121844444444 0 0.243688888889 7000.0 30000.0 10000 10034
0.121844444444
2 1 0.142509937071 0 0.0 2041.0 8068.0 5363
2 2 0.140903233885 0 0.0 2034.0 8067.0 5381
2 1 0.122633333333 0 0.245266666667 7000.0 30000.0 10000 9963
0.122633333333
3 1 0.14275122401 0 0.0 2063.0 8068.0 5423
3 2 0.142588927162 0 0.0 2031.0 8067.0 5331
3 1 0.122188888889 0 0.244377777778 7000.0 30000.0 10000 10003
0.122188888889
{1: 0.2874527999293024, 2: 0.2834131709558788, 3: 0.2853401511719633} {1: 0.12184444444444445, 2: 0.12263333333333333, 3: 0.12218888888888889}
0.67 30000 0.407216638645
./new_config_multi/Test_config(80%)/test_config0.68.txt
1 1 0.14186194396 0 0.0 2081.0 8183.0 5488
1 2 0.142374221192 0 0.0 2065.0 8167.0 5429
1 1 0.121844444444 0 0.243688888889 7000.0 30000.0 10000 10034
0.121844444444
2 1 0.143083825391 0 0.0 2069.0 8183.0 5422
2 2 0.143718500041 0 0.0 2071.0 8167.0 5414
2 1 0.122633333333 0 0.245266666667 7000.0 30000.0 10000 9963
0.122633333333
3 1 0.143658260049 0 0.0 2085.0 8183.0 5456
3 2 0.142652797368 0 0.0 2088.0 8167.0 5491
3 1 0.122188888889 0 0.244377777778 7000.0 30000.0 10000 10003
0.122188888889
{1: 0.28423616515253947, 2: 0.2868023254323212, 3: 0.28631105741677165} {1: 0.12184444444444445, 2: 0.12263333333333333, 3: 0.12218888888888889}
0.68 30000 0.407597399485
./new_config_multi/Test_config(80%)/test_config0.69.txt
1 1 0.141483557105 0 0.0 2088.0 8275.0 5510
1 2 0.142563213795 0 0.0 2093.0 8287.0 5497
1 1 0.121844444444 0 0.243688888889 7000.0 30000.0 10000 10034
0.121844444444
2 1 0.142369273738 0 0.0 2102.0 8275.0 5530
2 2 0.142444745288 0 0.0 2097.0 8287.0 5512
2 1 0.122633333333 0 0.245266666667 7000.0 30000.0 10000 9963
0.122633333333
3 1 0.14353793777 0 0.0 2105.0 8275.0 5510
3 2 0.141996947216 0 0.0 2111.0 8287.0 5565
3 1 0.122188888889 0 0.244377777778 7000.0 30000.0 10000 10003
0.122188888889
{1: 0.2840467709004113, 2: 0.2848140190256392, 3: 0.2855348849860437} {1: 0.12184444444444445, 2: 0.12263333333333333, 3: 0.12218888888888889}
0.69 30000 0.406613759746
./new_config_multi/Test_config(80%)/test_config0.7.txt
1 1 0.14123967715 0 0.0 2128.0 8385.0 5626
1 2 0.141979682709 0 0.0 2114.0 8358.0 5568
1 1 0.121844444444 0 0.243688888889 7000.0 30000.0 10000 10034
0.121844444444
2 1 0.143427312381 0 0.0 2124.0 8385.0 5559
2 2 0.142297217322 0 0.0 2125.0 8358.0 5593
2 1 0.122633333333 0 0.245266666667 7000.0 30000.0 10000 9963
0.122633333333
3 1 0.140846661255 0 0.0 2111.0 8385.0 5585
3 2 0.141898941803 0 0.0 2109.0 8358.0 5555
3 1 0.122188888889 0 0.244377777778 7000.0 30000.0 10000 10003
0.122188888889
{1: 0.28321935985932223, 2: 0.2857245297027463, 3: 0.2827456030575412} {1: 0.12184444444444445, 2: 0.12263333333333333, 3: 0.12218888888888889}
0.7 30000 0.405712601042
./new_config_multi/Test_config(80%)/test_config0.71.txt
1 1 0.143098790531 0 0.0 2149.0 8482.0 5633
1 2 0.142619768219 0 0.0 2160.0 8473.0 5679
1 1 0.121844444444 0 0.243688888889 7000.0 30000.0 10000 10034
0.121844444444
2 1 0.140349497898 0 0.0 2133.0 8482.0 5655
2 2 0.142381721995 0 0.0 2135.0 8473.0 5610
2 1 0.122633333333 0 0.245266666667 7000.0 30000.0 10000 9963
0.122633333333
3 1 0.142941644708 0 0.0 2162.0 8482.0 5676
3 2 0.140891741861 0 0.0 2138.0 8473.0 5657
3 1 0.122188888889 0 0.244377777778 7000.0 30000.0 10000 10003
0.122188888889
{1: 0.2857185587501153, 2: 0.28273121989259065, 3: 0.2838333865691647} {1: 0.12184444444444445, 2: 0.12263333333333333, 3: 0.12218888888888889}
0.71 30000 0.405910294016
./new_config_multi/Test_config(80%)/test_config0.72.txt
1 1 0.140743902374 0 0.0 2113.0 8527.0 5580
1 2 0.142895948798 0 0.0 2182.0 8589.0 5727
1 1 0.121844444444 0 0.243688888889 7000.0 30000.0 10000 10034
0.121844444444
2 1 0.142965902128 0 0.0 2179.0 8527.0 5722
2 2 0.142651696052 0 0.0 2199.0 8589.0 5784
2 1 0.122633333333 0 0.245266666667 7000.0 30000.0 10000 9963
0.122633333333
3 1 0.141430536758 0 0.0 2176.0 8527.0 5752
3 2 0.141370591673 0 0.0 2149.0 8589.0 5667
3 1 0.122188888889 0 0.244377777778 7000.0 30000.0 10000 10003
0.122188888889
{1: 0.28363985117181656, 2: 0.2856175981808807, 3: 0.28280112843058197} {1: 0.12184444444444445, 2: 0.12263333333333333, 3: 0.12218888888888889}
0.72 30000 0.405835506402
./new_config_multi/Test_config(80%)/test_config0.73.txt
1 1 0.143048358348 0 0.0 2207.0 8641.0 5793
1 2 0.143049639402 0 0.0 2207.0 8704.0 5787
1 1 0.121844444444 0 0.243688888889 7000.0 30000.0 10000 10034
0.121844444444
2 1 0.14104540874 0 0.0 2183.0 8641.0 5773
2 2 0.141324264368 0 0.0 2207.0 8704.0 5832
2 1 0.122633333333 0 0.245266666667 7000.0 30000.0 10000 9963
0.122633333333
3 1 0.140460601267 0 0.0 2159.0 8641.0 5716
3 2 0.141479673683 0 0.0 2194.0 8704.0 5789
3 1 0.122188888889 0 0.244377777778 7000.0 30000.0 10000 10003
0.122188888889
{1: 0.2860979977493441, 2: 0.28236967310815975, 3: 0.2819402749497255} {1: 0.12184444444444445, 2: 0.12263333333333333, 3: 0.12218888888888889}
0.73 30000 0.405285845954
./new_config_multi/Test_config(80%)/test_config0.74.txt
1 1 0.142191743669 0 0.0 2203.0 8719.0 5796
1 2 0.140802603034 0 0.0 2205.0 8811.0 5830
1 1 0.121844444444 0 0.243688888889 7000.0 30000.0 10000 10034
0.121844444444
2 1 0.140725421111 0 0.0 2218.0 8719.0 5879
2 2 0.141862438875 0 0.0 2243.0 8811.0 5916
2 1 0.122633333333 0 0.245266666667 7000.0 30000.0 10000 9963
0.122633333333
3 1 0.140349472167 0 0.0 2176.0 8719.0 5763
3 2 0.142813893978 0 0.0 2238.0 8811.0 5876
3 1 0.122188888889 0 0.244377777778 7000.0 30000.0 10000 10003
0.122188888889
{1: 0.2829943467030258, 2: 0.28258785998614233, 3: 0.2831633661451383} {1: 0.12184444444444445, 2: 0.12263333333333333, 3: 0.12218888888888889}
0.74 30000 0.404732275754
./new_config_multi/Test_config(80%)/test_config0.75.txt
1 1 0.141937910078 0 0.0 2215.0 8841.0 5827
1 2 0.139650528463 0 0.0 2224.0 8829.0 5916
1 1 0.121844444444 0 0.243688888889 7000.0 30000.0 10000 10034
0.121844444444
2 1 0.142216032999 0 0.0 2242.0 8841.0 5901
2 2 0.142182329079 0 0.0 2241.0 8829.0 5900
2 1 0.122633333333 0 0.245266666667 7000.0 30000.0 10000 9963
0.122633333333
3 1 0.141224394099 0 0.0 2251.0 8841.0 5954
3 2 0.141761450597 0 0.0 2218.0 8829.0 5842
3 1 0.122188888889 0 0.244377777778 7000.0 30000.0 10000 10003
0.122188888889
{1: 0.2815884385413056, 2: 0.28439836207819846, 3: 0.28298584469585664} {1: 0.12184444444444445, 2: 0.12263333333333333, 3: 0.12218888888888889}
0.75 30000 0.40480789089
./new_config_multi/Test_config(80%)/test_config0.76.txt
1 1 0.140873621055 0 0.0 2262.0 8971.0 5985
1 2 0.140876618292 0 0.0 2250.0 8914.0 5954
1 1 0.121844444444 0 0.243688888889 7000.0 30000.0 10000 10034
0.121844444444
2 1 0.141765433103 0 0.0 2268.0 8971.0 5979
2 2 0.140988109197 0 0.0 2241.0 8914.0 5924
2 1 0.122633333333 0 0.245266666667 7000.0 30000.0 10000 9963
0.122633333333
3 1 0.142025516993 0 0.0 2270.0 8971.0 5978
3 2 0.142260444567 0 0.0 2261.0 8914.0 5950
3 1 0.122188888889 0 0.244377777778 7000.0 30000.0 10000 10003
0.122188888889
{1: 0.2817502393471922, 2: 0.2827535423003998, 3: 0.28428596155990604} {1: 0.12184444444444445, 2: 0.12263333333333333, 3: 0.12218888888888889}
0.76 30000 0.404746984488
./new_config_multi/Test_config(80%)/test_config0.77.txt
1 1 0.141584229609 0 0.0 2292.0 9079.0 6046
1 2 0.140218354067 0 0.0 2267.0 9001.0 6015
1 1 0.121844444444 0 0.243688888889 7000.0 30000.0 10000 10034
0.121844444444
2 1 0.141726207648 0 0.0 2282.0 9079.0 6012
2 2 0.14087635907 0 0.0 2250.0 9001.0 5946
2 1 0.122633333333 0 0.245266666667 7000.0 30000.0 10000 9963
0.122633333333
3 1 0.141247136403 0 0.0 2307.0 9079.0 6100
3 2 0.139917704832 0 0.0 2273.0 9001.0 6041
3 1 0.122188888889 0 0.244377777778 7000.0 30000.0 10000 10003
0.122188888889
{1: 0.2818025836756498, 2: 0.2826025667175733, 3: 0.2811648412352065} {1: 0.12184444444444445, 2: 0.12263333333333333, 3: 0.12218888888888889}
0.77 30000 0.403674807212
./new_config_multi/Test_config(80%)/test_config0.78.txt
1 1 0.140731994759 0 0.0 2292.0 9169.0 6061
1 2 0.139888449473 0 0.0 2268.0 9102.0 6018
1 1 0.121844444444 0 0.243688888889 7000.0 30000.0 10000 10034
0.121844444444
2 1 0.140452458739 0 0.0 2342.0 9169.0 6218
2 2 0.142347928584 0 0.0 2315.0 9102.0 6092
2 1 0.122633333333 0 0.245266666667 7000.0 30000.0 10000 9963
0.122633333333
3 1 0.141022203361 0 0.0 2294.0 9169.0 6059
3 2 0.13963759972 0 0.0 2291.0 9102.0 6094
3 1 0.122188888889 0 0.244377777778 7000.0 30000.0 10000 10003
0.122188888889
{1: 0.2806204442318627, 2: 0.28280038732239593, 3: 0.2806598030808969} {1: 0.12184444444444445, 2: 0.12263333333333333, 3: 0.12218888888888889}
0.78 30000 0.403178851334
./new_config_multi/Test_config(80%)/test_config0.79.txt
1 1 0.140071609948 0 0.0 2310.0 9137.0 6136
1 2 0.141691500411 0 0.0 2319.0 9210.0 6112
1 1 0.121844444444 0 0.243688888889 7000.0 30000.0 10000 10034
0.121844444444
2 1 0.141053750176 0 0.0 2286.0 9137.0 6037
2 2 0.140387472428 0 0.0 2305.0 9210.0 6106
2 1 0.122633333333 0 0.245266666667 7000.0 30000.0 10000 9963
0.122633333333
3 1 0.139821932669 0 0.0 2296.0 9137.0 6101
3 2 0.140922438316 0 0.0 2342.0 9210.0 6202
3 1 0.122188888889 0 0.244377777778 7000.0 30000.0 10000 10003
0.122188888889
{1: 0.28176311035924695, 2: 0.2814412226039126, 3: 0.28074437098540894} {1: 0.12184444444444445, 2: 0.12263333333333333, 3: 0.12218888888888889}
0.79 30000 0.403134918415
./new_config_multi/Test_config(80%)/test_config0.8.txt
1 1 0.139587890615 0 0.0 2349.0 9316.0 6251
1 2 0.140504782064 0 0.0 2338.0 9241.0 6199
1 1 0.121844444444 0 0.243688888889 7000.0 30000.0 10000 10034
0.121844444444
2 1 0.140736369268 0 0.0 2353.0 9316.0 6231
2 2 0.140400596955 0 0.0 2321.0 9241.0 6151
2 1 0.122633333333 0 0.245266666667 7000.0 30000.0 10000 9963
0.122633333333
3 1 0.139546194113 0 0.0 2315.0 9316.0 6150
3 2 0.139460615295 0 0.0 2306.0 9241.0 6132
3 1 0.122188888889 0 0.244377777778 7000.0 30000.0 10000 10003
0.122188888889
{1: 0.28009267267826876, 2: 0.2811369662228637, 3: 0.2790068094072} {1: 0.12184444444444445, 2: 0.12263333333333333, 3: 0.12218888888888889}
0.8 30000 0.401898737287
./new_config_multi/Test_config(80%)/test_config0.81.txt
1 1 0.13994950797 0 0.0 2372.0 9371.0 6305
1 2 0.138688345934 0 0.0 2329.0 9355.0 6213
1 1 0.121844444444 0 0.243688888889 7000.0 30000.0 10000 10034
0.121844444444
2 1 0.139638640797 0 0.0 2347.0 9371.0 6239
2 2 0.141540417883 0 0.0 2365.0 9355.0 6241
2 1 0.122633333333 0 0.245266666667 7000.0 30000.0 10000 9963
0.122633333333
3 1 0.140770173277 0 0.0 2344.0 9371.0 6198
3 2 0.139294614901 0 0.0 2349.0 9355.0 6256
3 1 0.122188888889 0 0.244377777778 7000.0 30000.0 10000 10003
0.122188888889
{1: 0.2786378539041293, 2: 0.28117905868095383, 3: 0.2800647881775188} {1: 0.12184444444444445, 2: 0.12263333333333333, 3: 0.12218888888888889}
0.81 30000 0.401780606354
./new_config_multi/Test_config(80%)/test_config0.82.txt
1 1 0.138992437101 0 0.0 2360.0 9491.0 6286
1 2 0.138861643004 0 0.0 2378.0 9489.0 6344
1 1 0.121844444444 0 0.243688888889 7000.0 30000.0 10000 10034
0.121844444444
2 1 0.141209119907 0 0.0 2400.0 9491.0 6343
2 2 0.141005371868 0 0.0 2392.0 9489.0 6325
2 1 0.122633333333 0 0.245266666667 7000.0 30000.0 10000 9963
0.122633333333
3 1 0.140435310946 0 0.0 2396.0 9491.0 6353
3 2 0.141039700627 0 0.0 2387.0 9489.0 6309
3 1 0.122188888889 0 0.244377777778 7000.0 30000.0 10000 10003
0.122188888889
{1: 0.2778540801051072, 2: 0.28221449177435665, 3: 0.2814750115738394} {1: 0.12184444444444445, 2: 0.12263333333333333, 3: 0.12218888888888889}
0.82 30000 0.40233401329
./new_config_multi/Test_config(80%)/test_config0.83.txt
1 1 0.139580996279 0 0.0 2407.0 9589.0 6402
1 2 0.140118966122 0 0.0 2407.0 9595.0 6386
1 1 0.121844444444 0 0.243688888889 7000.0 30000.0 10000 10034
0.121844444444
2 1 0.139337893916 0 0.0 2402.0 9589.0 6394
2 2 0.141855344691 0 0.0 2421.0 9595.0 6378
2 1 0.122633333333 0 0.245266666667 7000.0 30000.0 10000 9963
0.122633333333
3 1 0.140171878689 0 0.0 2406.0 9589.0 6382
3 2 0.139977977283 0 0.0 2419.0 9595.0 6426
3 1 0.122188888889 0 0.244377777778 7000.0 30000.0 10000 10003
0.122188888889
{1: 0.2796999624011197, 2: 0.2811932386069512, 3: 0.28014985597169606} {1: 0.12184444444444445, 2: 0.12263333333333333, 3: 0.12218888888888889}
0.83 30000 0.402167337974
./new_config_multi/Test_config(80%)/test_config0.84.txt
1 1 0.140977508256 0 0.0 2421.0 9587.0 6404
1 2 0.138458485998 0 0.0 2402.0 9688.0 6411
1 1 0.121844444444 0 0.243688888889 7000.0 30000.0 10000 10034
0.121844444444
2 1 0.137625061923 0 0.0 2360.0 9587.0 6317
2 2 0.140182741054 0 0.0 2444.0 9688.0 6487
2 1 0.122633333333 0 0.245266666667 7000.0 30000.0 10000 9963
0.122633333333
3 1 0.139994060422 0 0.0 2428.0 9587.0 6453
3 2 0.139358119914 0 0.0 2433.0 9688.0 6478
3 1 0.122188888889 0 0.244377777778 7000.0 30000.0 10000 10003
0.122188888889
{1: 0.279435994253522, 2: 0.27780780297730434, 3: 0.27935218033634} {1: 0.12184444444444445, 2: 0.12263333333333333, 3: 0.12218888888888889}
0.84 30000 0.40068646053
./new_config_multi/Test_config(80%)/test_config0.85.txt
1 1 0.141348393898 0 0.0 2480.0 9800.0 6551
1 2 0.140504545166 0 0.0 2442.0 9696.0 6471
1 1 0.121844444444 0 0.243688888889 7000.0 30000.0 10000 10034
0.121844444444
2 1 0.138861765931 0 0.0 2436.0 9800.0 6492
2 2 0.138097504057 0 0.0 2411.0 9696.0 6448
2 1 0.122633333333 0 0.245266666667 7000.0 30000.0 10000 9963
0.122633333333
3 1 0.141143666701 0 0.0 2480.0 9800.0 6557
3 2 0.138063590984 0 0.0 2419.0 9696.0 6473
3 1 0.122188888889 0 0.244377777778 7000.0 30000.0 10000 10003
0.122188888889
{1: 0.28185293906398445, 2: 0.27695926998819864, 3: 0.27920725768493126} {1: 0.12184444444444445, 2: 0.12263333333333333, 3: 0.12218888888888889}
0.85 30000 0.401160482423
./new_config_multi/Test_config(80%)/test_config0.86.txt
1 1 0.138922556372 0 0.0 2475.0 9900.0 6599
1 2 0.139940065869 0 0.0 2468.0 9851.0 6552
1 1 0.121844444444 0 0.243688888889 7000.0 30000.0 10000 10034
0.121844444444
2 1 0.138046706969 0 0.0 2471.0 9900.0 6613
2 2 0.139533521092 0 0.0 2476.0 9851.0 6588
2 1 0.122633333333 0 0.245266666667 7000.0 30000.0 10000 9963
0.122633333333
3 1 0.140706703398 0 0.0 2489.0 9900.0 6588
3 2 0.13929768555 0 0.0 2465.0 9851.0 6562
3 1 0.122188888889 0 0.244377777778 7000.0 30000.0 10000 10003
0.122188888889
{1: 0.27886262224066755, 2: 0.27758022806018606, 3: 0.2800043889478403} {1: 0.12184444444444445, 2: 0.12263333333333333, 3: 0.12218888888888889}
0.86 30000 0.40063693067
./new_config_multi/Test_config(80%)/test_config0.87.txt
1 1 0.138685292269 0 0.0 2457.0 9921.0 6550
1 2 0.139294580778 0 0.0 2473.0 9922.0 6580
1 1 0.121844444444 0 0.243688888889 7000.0 30000.0 10000 10034
0.121844444444
2 1 0.139065190959 0 0.0 2484.0 9921.0 6620
2 2 0.138585949239 0 0.0 2494.0 9922.0 6664
2 1 0.122633333333 0 0.245266666667 7000.0 30000.0 10000 9963
0.122633333333
3 1 0.138922342874 0 0.0 2500.0 9921.0 6672
3 2 0.138322820438 0 0.0 2470.0 9922.0 6600
3 1 0.122188888889 0 0.244377777778 7000.0 30000.0 10000 10003
0.122188888889
{1: 0.27797987304659566, 2: 0.2776511401975541, 3: 0.27724516331243454} {1: 0.12184444444444445, 2: 0.12263333333333333, 3: 0.12218888888888889}
0.87 30000 0.399447766793
./new_config_multi/Test_config(80%)/test_config0.88.txt
1 1 0.138044280002 0 0.0 2496.0 10037.0 6677
1 2 0.13804806582 0 0.0 2483.0 10010.0 6640
1 1 0.121844444444 0 0.243688888889 7000.0 30000.0 10000 10034
0.121844444444
2 1 0.139702876184 0 0.0 2507.0 10037.0 6660
2 2 0.1397134933 0 0.0 2521.0 10010.0 6704
2 1 0.122633333333 0 0.245266666667 7000.0 30000.0 10000 9963
0.122633333333
3 1 0.139334822321 0 0.0 2529.0 10037.0 6737
3 2 0.138949921208 0 0.0 2504.0 10010.0 6676
3 1 0.122188888889 0 0.244377777778 7000.0 30000.0 10000 10003
0.122188888889
{1: 0.27609234582208714, 2: 0.27941636948377135, 3: 0.27828474352876964} {1: 0.12184444444444445, 2: 0.12263333333333333, 3: 0.12218888888888889}
0.88 30000 0.399753221792
./new_config_multi/Test_config(80%)/test_config0.89.txt
1 1 0.137797635135 0 0.0 2504.0 10055.0 6707
1 2 0.137620883992 0 0.0 2522.0 10109.0 6762
1 1 0.121844444444 0 0.243688888889 7000.0 30000.0 10000 10034
0.121844444444
2 1 0.136663762039 0 0.0 2474.0 10055.0 6651
2 2 0.139270464647 0 0.0 2527.0 10109.0 6727
2 1 0.122633333333 0 0.245266666667 7000.0 30000.0 10000 9963
0.122633333333
3 1 0.14017868407 0 0.0 2543.0 10055.0 6752
3 2 0.13871001895 0 0.0 2522.0 10109.0 6729
3 1 0.122188888889 0 0.244377777778 7000.0 30000.0 10000 10003
0.122188888889
{1: 0.2754185191268044, 2: 0.275934226685567, 3: 0.2788887030195849} {1: 0.12184444444444445, 2: 0.12263333333333333, 3: 0.12218888888888889}
0.89 30000 0.398570402461
./new_config_multi/Test_config(80%)/test_config0.9.txt
1 1 0.137999028474 0 0.0 2538.0 10178.0 6793
1 2 0.138670829462 0 0.0 2574.0 10203.0 6878
1 1 0.121844444444 0 0.243688888889 7000.0 30000.0 10000 10034
0.121844444444
2 1 0.13898140704 0 0.0 2549.0 10178.0 6796
2 2 0.138912008217 0 0.0 2543.0 10203.0 6778
2 1 0.122633333333 0 0.245266666667 7000.0 30000.0 10000 9963
0.122633333333
3 1 0.136884846374 0 0.0 2518.0 10178.0 6767
3 2 0.138841557546 0 0.0 2533.0 10203.0 6750
3 1 0.122188888889 0 0.244377777778 7000.0 30000.0 10000 10003
0.122188888889
{1: 0.2766698579358794, 2: 0.2778934152572833, 3: 0.27572640392052405} {1: 0.12184444444444445, 2: 0.12263333333333333, 3: 0.12218888888888889}
0.9 30000 0.398586462479
./new_config_multi/Test_config(80%)/test_config0.91.txt
1 1 0.137262317249 0 0.0 2542.0 10248.0 6822
1 2 0.138315428655 0 0.0 2562.0 10316.0 6844
1 1 0.121844444444 0 0.243688888889 7000.0 30000.0 10000 10034
0.121844444444
2 1 0.138920806162 0 0.0 2557.0 10248.0 6816
2 2 0.136630780632 0 0.0 2574.0 10316.0 6932
2 1 0.122633333333 0 0.245266666667 7000.0 30000.0 10000 9963
0.122633333333
3 1 0.139212546413 0 0.0 2574.0 10248.0 6858
3 2 0.139867958476 0 0.0 2582.0 10316.0 6856
3 1 0.122188888889 0 0.244377777778 7000.0 30000.0 10000 10003
0.122188888889
{1: 0.27557774590344847, 2: 0.27555158679352004, 3: 0.2790805048890707} {1: 0.12184444444444445, 2: 0.12263333333333333, 3: 0.12218888888888889}
0.91 30000 0.398559875916
./new_config_multi/Test_config(80%)/test_config0.92.txt
1 1 0.138325188973 0 0.0 2555.0 10276.0 6826
1 2 0.138980335991 0 0.0 2583.0 10322.0 6886
1 1 0.121844444444 0 0.243688888889 7000.0 30000.0 10000 10034
0.121844444444
2 1 0.137872357707 0 0.0 2556.0 10276.0 6843
2 2 0.136944351859 0 0.0 2569.0 10322.0 6907
2 1 0.122633333333 0 0.245266666667 7000.0 30000.0 10000 9963
0.122633333333
3 1 0.137448327201 0 0.0 2565.0 10276.0 6883
3 2 0.138364651911 0 0.0 2565.0 10322.0 6851
3 1 0.122188888889 0 0.244377777778 7000.0 30000.0 10000 10003
0.122188888889
{1: 0.27730552496338684, 2: 0.274816709565877, 3: 0.27581297911201724} {1: 0.12184444444444445, 2: 0.12263333333333333, 3: 0.12218888888888889}
0.92 30000 0.397802426143
./new_config_multi/Test_config(80%)/test_config0.93.txt
1 1 0.137129886083 0 0.0 2576.0 10463.0 6911
1 2 0.136123707575 0 0.0 2544.0 10448.0 6847
1 1 0.121844444444 0 0.243688888889 7000.0 30000.0 10000 10034
0.121844444444
2 1 0.139113839058 0 0.0 2624.0 10463.0 6993
2 2 0.138371457828 0 0.0 2636.0 10448.0 7053
2 1 0.122633333333 0 0.245266666667 7000.0 30000.0 10000 9963
0.122633333333
3 1 0.138376837778 0 0.0 2626.0 10463.0 7022
3 2 0.138961177825 0 0.0 2623.0 10448.0 6996
3 1 0.122188888889 0 0.244377777778 7000.0 30000.0 10000 10003
0.122188888889
{1: 0.2732535936584076, 2: 0.27748529688551654, 3: 0.27733801560292476} {1: 0.12184444444444445, 2: 0.12263333333333333, 3: 0.12218888888888889}
0.93 30000 0.397849609747
./new_config_multi/Test_config(80%)/test_config0.94.txt
1 1 0.136482722324 0 0.0 2600.0 10443.0 7005
1 2 0.138292934045 0 0.0 2627.0 10534.0 7022
1 1 0.121844444444 0 0.243688888889 7000.0 30000.0 10000 10034
0.121844444444
2 1 0.136646445175 0 0.0 2585.0 10443.0 6955
2 2 0.136360604495 0 0.0 2617.0 10534.0 7053
2 1 0.122633333333 0 0.245266666667 7000.0 30000.0 10000 9963
0.122633333333
3 1 0.138335309882 0 0.0 2593.0 10443.0 6926
3 2 0.139778199834 0 0.0 2633.0 10534.0 6993
3 1 0.122188888889 0 0.244377777778 7000.0 30000.0 10000 10003
0.122188888889
{1: 0.27477565636931983, 2: 0.2730070496699001, 3: 0.2781135097163402} {1: 0.12184444444444445, 2: 0.12263333333333333, 3: 0.12218888888888889}
0.94 30000 0.397123439847
./new_config_multi/Test_config(80%)/test_config0.95.txt
1 1 0.137586007379 0 0.0 2631.0 10601.0 7051
1 2 0.138121165381 0 0.0 2650.0 10638.0 7088
1 1 0.121844444444 0 0.243688888889 7000.0 30000.0 10000 10034
0.121844444444
2 1 0.138392708136 0 0.0 2669.0 10601.0 7139
2 2 0.138991876027 0 0.0 2679.0 10638.0 7147
2 1 0.122633333333 0 0.245266666667 7000.0 30000.0 10000 9963
0.122633333333
3 1 0.137485458978 0 0.0 2617.0 10601.0 7012
3 2 0.137144094265 0 0.0 2624.0 10638.0 7041
3 1 0.122188888889 0 0.244377777778 7000.0 30000.0 10000 10003
0.122188888889
{1: 0.2757071727595572, 2: 0.27738458416338907, 3: 0.2746295532429014} {1: 0.12184444444444445, 2: 0.12263333333333333, 3: 0.12218888888888889}
0.95 30000 0.397731196285
./new_config_multi/Test_config(80%)/test_config0.96.txt
1 1 0.136813726055 0 0.0 2629.0 10634.0 7067
1 2 0.137156099803 0 0.0 2649.0 10661.0 7114
1 1 0.121844444444 0 0.243688888889 7000.0 30000.0 10000 10034
0.121844444444
2 1 0.137056914721 0 0.0 2660.0 10634.0 7152
2 2 0.13674949676 0 0.0 2639.0 10661.0 7097
2 1 0.122633333333 0 0.245266666667 7000.0 30000.0 10000 9963
0.122633333333
3 1 0.136999308272 0 0.0 2625.0 10634.0 7049
3 2 0.137625167147 0 0.0 2653.0 10661.0 7111
3 1 0.122188888889 0 0.244377777778 7000.0 30000.0 10000 10003
0.122188888889
{1: 0.27396982585866003, 2: 0.27380641148085194, 3: 0.27462447541826673} {1: 0.12184444444444445, 2: 0.12263333333333333, 3: 0.12218888888888889}
0.96 30000 0.395959437348
./new_config_multi/Test_config(80%)/test_config0.97.txt
1 1 0.137189399282 0 0.0 2681.0 10775.0 7200
1 2 0.137152513937 0 0.0 2649.0 10749.0 7107
1 1 0.121844444444 0 0.243688888889 7000.0 30000.0 10000 10034
0.121844444444
2 1 0.137158874037 0 0.0 2672.0 10775.0 7174
2 2 0.136043654321 0 0.0 2656.0 10749.0 7164
2 1 0.122633333333 0 0.245266666667 7000.0 30000.0 10000 9963
0.122633333333
3 1 0.138210763293 0 0.0 2684.0 10775.0 7176
3 2 0.137710186101 0 0.0 2695.0 10749.0 7227
3 1 0.122188888889 0 0.244377777778 7000.0 30000.0 10000 10003
0.122188888889
{1: 0.27434191321932794, 2: 0.27320252835853376, 3: 0.2759209493935675} {1: 0.12184444444444445, 2: 0.12263333333333333, 3: 0.12218888888888889}
0.97 30000 0.396313975193
./new_config_multi/Test_config(80%)/test_config0.98.txt
1 1 0.135724859147 0 0.0 2663.0 10820.0 7190
1 2 0.138965209837 0 0.0 2728.0 10914.0 7272
1 1 0.121844444444 0 0.243688888889 7000.0 30000.0 10000 10034
0.121844444444
2 1 0.136340757941 0 0.0 2686.0 10820.0 7239
2 2 0.135910382231 0 0.0 2690.0 10914.0 7258
2 1 0.122633333333 0 0.245266666667 7000.0 30000.0 10000 9963
0.122633333333
3 1 0.13655780312 0 0.0 2679.0 10820.0 7211
3 2 0.139269645714 0 0.0 2740.0 10914.0 7298
3 1 0.122188888889 0 0.244377777778 7000.0 30000.0 10000 10003
0.122188888889
{1: 0.27469006898434745, 2: 0.2722511401726014, 3: 0.27582744883409693} {1: 0.12184444444444445, 2: 0.12263333333333333, 3: 0.12218888888888889}
0.98 30000 0.396081963111
./new_config_multi/Test_config(80%)/test_config0.99.txt
1 1 0.137553101324 0 0.0 2699.0 10927.0 7230
1 2 0.137809814379 0 0.0 2712.0 10948.0 7259
1 1 0.121844444444 0 0.243688888889 7000.0 30000.0 10000 10034
0.121844444444
2 1 0.136430588735 0 0.0 2703.0 10927.0 7279
2 2 0.137416837078 0 0.0 2716.0 10948.0 7284
2 1 0.122633333333 0 0.245266666667 7000.0 30000.0 10000 9963
0.122633333333
3 1 0.136148484972 0 0.0 2722.0 10927.0 7345
3 2 0.137685150926 0 0.0 2742.0 10948.0 7353
3 1 0.122188888889 0 0.244377777778 7000.0 30000.0 10000 10003
0.122188888889
{1: 0.2753629157038181, 2: 0.2738474258131475, 3: 0.27383363589751414} {1: 0.12184444444444445, 2: 0.12263333333333333, 3: 0.12218888888888889}
0.99 30000 0.396173644479
./new_config_multi/Test_config(80%)/test_config1.0.txt
1 1 0.136974431355 0 0.0 2739.0 11006.0 7363
1 2 0.13589504309 0 0.0 2695.0 10921.0 7273
1 1 0.121844444444 0 0.243688888889 7000.0 30000.0 10000 10034
0.121844444444
2 1 0.137065325972 0 0.0 2723.0 11006.0 7312
2 2 0.136383339468 0 0.0 2706.0 10921.0 7290
2 1 0.122633333333 0 0.245266666667 7000.0 30000.0 10000 9963
0.122633333333
3 1 0.134855735026 0 0.0 2707.0 11006.0 7337
3 2 0.136810827536 0 0.0 2707.0 10921.0 7279
3 1 0.122188888889 0 0.244377777778 7000.0 30000.0 10000 10003
0.122188888889
{1: 0.2728694744455257, 2: 0.273448665439611, 3: 0.2716665625624247} {1: 0.12184444444444445, 2: 0.12263333333333333, 3: 0.12218888888888889}
1.0 30000 0.394488905915
