0.0 0 0.0
0.01 0 0.102461538462
0.02 0 0.113094339623
0.03 0 0.116793828452
0.04 0 0.117530538302
0.05 0 0.118693796526
0.06 0 0.119591458635
0.07 0 0.120234004962
0.08 0 0.120157928903
0.09 0 0.120428301207
0.1 0 0.120792517369
0.11 0 0.120752438811
0.12 0 0.121090941034
0.13 0 0.121320683112
0.14 0 0.121464317181
0.15 0 0.121739007871
0.16 0 0.121932810775
0.17 0 0.121749743983
0.18 0 0.121630185438
0.19 0 0.121718934244
0.2 0 0.122024676126
0.21 0 0.121376848967
0.22 0 0.12156848929
0.23 0 0.121777017881
0.24 0 0.121527964213
0.25 0 0.121781090877
0.26 0 0.122102656755
0.27 0 0.122233164489
0.28 0 0.122353726276
0.29 0 0.122519070688
0.3 0 0.122242269754
0.31 0 0.12299099229
0.32 0 0.12285814826
0.33 0 0.123012639506
0.34 0 0.122617481261
0.35 0 0.123315748838
0.36 0 0.122572553517
0.37 0 0.123026370308
0.38 0 0.123398280172
0.39 0 0.122963647959
0.4 0 0.123472102556
0.41 0 0.122674689579
0.42 0 0.122816950872
0.43 0 0.123150772815
0.44 0 0.123209111241
0.45 0 0.123364207642
0.46 0 0.123246523281
0.47 0 0.123708646154
0.48 0 0.123571637776
0.49 0 0.123409171498
0.5 0 0.123996865979
0.51 0 0.124045256917
0.52 0 0.123821104276
0.53 0 0.123987794854
0.54 0 0.124220883861
0.55 0 0.124517945883
0.56 0 0.124230328068
0.57 0 0.124585746195
0.58 0 0.12432042219
0.59 0 0.124555540975
0.6 0 0.124534663727
0.61 0 0.124205992022
0.62 0 0.124316393916
0.63 0 0.124737188947
0.64 0 0.124838023208
0.65 0 0.124572156579
0.66 0 0.124505209885
0.67 0 0.124816090026
0.68 0 0.125295141358
0.69 0 0.124749479967
0.7 0 0.124987886458
0.71 0 0.124830797805
0.72 0 0.125237809282
0.73 0 0.124777810728
0.74 0 0.125378140656
0.75 0 0.125498839873
0.76 0 0.125417115767
0.77 0 0.125565031782
0.78 0 0.1258534683
0.79 0 0.125871177841
0.8 0 0.12579827411
0.81 0 0.125796712842
0.82 0 0.12569950923
0.83 0 0.125689464484
0.84 0 0.125584456531
0.85 0 0.125886818133
0.86 0 0.125734887567
0.87 0 0.12590907279
0.88 0 0.125951981349
0.89 0 0.126283275212
0.9 0 0.126213587476
0.91 0 0.126384596256
0.92 0 0.126473768593
0.93 0 0.125953140886
0.94 0 0.12668865455
0.95 0 0.126558696265
0.96 0 0.126785213494
0.97 0 0.126405729086
0.98 0 0.126530120694
0.99 0 0.126758594433
1.0 0 0.126690807562
