0.0 0 0.0
0.01 0 0.215361015491
0.02 0 0.218172413793
0.03 0 0.219477272727
0.04 0 0.22043042685
0.05 0 0.220748871332
0.06 0 0.222
0.07 0 0.223077669903
0.08 0 0.222626677011
0.09 0 0.223115583158
0.1 0 0.22275
0.11 0 0.222000234975
0.12 0 0.221896757906
0.13 0 0.222193546634
0.14 0 0.222268765133
0.15 0 0.223259655243
0.16 0 0.223652136247
0.17 0 0.222884560423
0.18 0 0.223324530945
0.19 0 0.223121056253
0.2 0 0.224392584957
0.21 0 0.223077669903
0.22 0 0.223603423347
0.23 0 0.222982516475
0.24 0 0.223466928662
0.25 0 0.223710972639
0.26 0 0.223838709677
0.27 0 0.224286745249
0.28 0 0.224022087328
0.29 0 0.223819808527
0.3 0 0.223885195434
0.31 0 0.22403383231
0.32 0 0.224128501623
0.33 0 0.223870193357
0.34 0 0.22467472396
0.35 0 0.224195934358
0.36 0 0.225198494161
0.37 0 0.225005559764
0.38 0 0.225329354405
0.39 0 0.225143195572
0.4 0 0.224903439868
0.41 0 0.224963094664
0.42 0 0.225686502833
0.43 0 0.224821302495
0.44 0 0.224842874369
0.45 0 0.225405026892
0.46 0 0.225608667571
0.47 0 0.225557506435
0.48 0 0.225511367101
0.49 0 0.225460789231
0.5 0 0.225544849779
0.51 0 0.225606143952
0.52 0 0.225807562532
0.53 0 0.225782197259
0.54 0 0.225686366657
0.55 0 0.225851866097
0.56 0 0.225896477066
0.57 0 0.226144389196
0.58 0 0.226092119976
0.59 0 0.226371777767
0.6 0 0.22733719756
0.61 0 0.227041629452
0.62 0 0.226369853828
0.63 0 0.226463023797
0.64 0 0.226331394497
0.65 0 0.226401411214
0.66 0 0.226942834454
0.67 0 0.227275567897
0.68 0 0.227292536256
0.69 0 0.227666768055
0.7 0 0.226837210757
0.71 0 0.22699416061
0.72 0 0.227430268144
0.73 0 0.227658183672
0.74 0 0.226119176211
0.75 0 0.227799021973
0.76 0 0.227599214645
0.77 0 0.228035417913
0.78 0 0.227904434435
0.79 0 0.227960551627
0.8 0 0.227686434177
0.81 0 0.227888476576
0.82 0 0.227565289962
0.83 0 0.228001695471
0.84 0 0.228052830754
0.85 0 0.228474820844
0.86 0 0.228765520528
0.87 0 0.228959663196
0.88 0 0.228921216006
0.89 0 0.22882640363
0.9 0 0.228777772443
0.91 0 0.228118873284
0.92 0 0.229093863327
0.93 0 0.229382988663
0.94 0 0.229258705775
0.95 0 0.229081550577
0.96 0 0.229377643505
0.97 0 0.229435803921
0.98 0 0.22943778594
0.99 0 0.229305589608
1.0 0 0.229482730592
