0.0 0 0.0
0.01 0 0.300774193548
0.02 0 0.307386778116
0.03 0 0.308463157895
0.04 0 0.307787999018
0.05 0 0.308668058455
0.06 0 0.309526914267
0.07 0 0.307155908122
0.08 0 0.307786425339
0.09 0 0.307919301044
0.1 0 0.307704474506
0.11 0 0.308549571844
0.12 0 0.308718982626
0.13 0 0.308491989739
0.14 0 0.308072576708
0.15 0 0.308346231205
0.16 0 0.308285286918
0.17 0 0.308042855378
0.18 0 0.308540299855
0.19 0 0.308732889051
0.2 0 0.308985683703
0.21 0 0.30837617866
0.22 0 0.309282121015
0.23 0 0.308358594257
0.24 0 0.309593353094
0.25 0 0.309115149669
0.26 0 0.309234155517
0.27 0 0.309225124064
0.28 0 0.30927707786
0.29 0 0.309377386627
0.3 0 0.309794462698
0.31 0 0.310081289319
0.32 0 0.309843323917
0.33 0 0.309914654138
0.34 0 0.309462931902
0.35 0 0.309218388909
0.36 0 0.310651865372
0.37 0 0.309772211156
0.38 0 0.3099637036
0.39 0 0.310104992867
0.4 0 0.310035244434
0.41 0 0.309974243964
0.42 0 0.310683643925
0.43 0 0.310454043458
0.44 0 0.309940587232
0.45 0 0.310784597113
0.46 0 0.310709016393
0.47 0 0.310948742317
0.48 0 0.310979861541
0.49 0 0.310307126099
0.5 0 0.310604705699
0.51 0 0.311211124287
0.52 0 0.310634959702
0.53 0 0.311248230722
0.54 0 0.311871592603
0.55 0 0.311138931298
0.56 0 0.311595827246
0.57 0 0.31198092731
0.58 0 0.311645587999
0.59 0 0.311074608158
0.6 0 0.311635557592
0.61 0 0.311649764514
0.62 0 0.311843353648
0.63 0 0.312110050293
0.64 0 0.312110518042
0.65 0 0.31193496198
0.66 0 0.312312560667
0.67 0 0.31255563408
0.68 0 0.312773715406
0.69 0 0.313195912691
0.7 0 0.312309676977
0.71 0 0.312609220159
0.72 0 0.312855194439
0.73 0 0.31230460062
0.74 0 0.313551850901
0.75 0 0.313009221059
0.76 0 0.31336857461
0.77 0 0.31315960446
0.78 0 0.312723425583
0.79 0 0.313553518279
0.8 0 0.314450488068
0.81 0 0.313171941742
0.82 0 0.313366326451
0.83 0 0.313531606033
0.84 0 0.313278782543
0.85 0 0.313577435144
0.86 0 0.313445530235
0.87 0 0.313526054668
0.88 0 0.313817324958
0.89 0 0.313910483355
0.9 0 0.314113610566
0.91 0 0.314365725755
0.92 0 0.3140884127
0.93 0 0.313888712028
0.94 0 0.314277739794
0.95 0 0.314260096622
0.96 0 0.314446899858
0.97 0 0.314027538581
0.98 0 0.314603180503
0.99 0 0.314696759402
1.0 0 0.314403956052
