0.0 0 0.0
0.01 0 0.383454545455
0.02 0 0.381970588235
0.03 0 0.381495145631
0.04 0 0.381260869565
0.05 0 0.38148926507
0.06 0 0.379958345021
0.07 0 0.381889929271
0.08 0 0.382184579532
0.09 0 0.382002148228
0.1 0 0.381305148801
0.11 0 0.380488006562
0.12 0 0.381414479908
0.13 0 0.38134999636
0.14 0 0.381951947807
0.15 0 0.382349385541
0.16 0 0.381606562503
0.17 0 0.381762006519
0.18 0 0.38138777721
0.19 0 0.381828938578
0.2 0 0.382136480567
0.21 0 0.382106071929
0.22 0 0.382288128363
0.23 0 0.381970655669
0.24 0 0.381988466868
0.25 0 0.382374221522
0.26 0 0.381774030455
0.27 0 0.38186562158
0.28 0 0.382478641833
0.29 0 0.383370740391
0.3 0 0.382781090667
0.31 0 0.382922127346
0.32 0 0.382441627634
0.33 0 0.38244018779
0.34 0 0.382765157985
0.35 0 0.382754454199
0.36 0 0.382928284497
0.37 0 0.382863483155
0.38 0 0.383339445987
0.39 0 0.382601022876
0.4 0 0.38264200777
0.41 0 0.383023457935
0.42 0 0.383141048917
0.43 0 0.383468687887
0.44 0 0.383274905705
0.45 0 0.383090019154
0.46 0 0.383663647177
0.47 0 0.383556810791
0.48 0 0.383998578163
0.49 0 0.384306975254
0.5 0 0.384118879082
0.51 0 0.383704225352
0.52 0 0.383249673812
0.53 0 0.383583834224
0.54 0 0.383871675054
0.55 0 0.384115698327
0.56 0 0.383904300667
0.57 0 0.384106485203
0.58 0 0.383819449068
0.59 0 0.383984227422
0.6 0 0.384175104139
0.61 0 0.384102451038
0.62 0 0.384375503959
0.63 0 0.384106377061
0.64 0 0.384545951694
0.65 0 0.384138964676
0.66 0 0.384638594751
0.67 0 0.384772156641
0.68 0 0.384764052372
0.69 0 0.384973272244
0.7 0 0.384588709727
0.71 0 0.385339412061
0.72 0 0.384802569617
0.73 0 0.384409909725
0.74 0 0.384938430094
0.75 0 0.384853792334
0.76 0 0.384969037802
0.77 0 0.385412644465
0.78 0 0.385446632797
0.79 0 0.385762926161
0.8 0 0.385532943967
0.81 0 0.385353466513
0.82 0 0.385629105301
0.83 0 0.385566856827
0.84 0 0.385237565217
0.85 0 0.385866576022
0.86 0 0.385519775445
0.87 0 0.385626112182
0.88 0 0.386574096182
0.89 0 0.385995953646
0.9 0 0.38564172906
0.91 0 0.386101487683
0.92 0 0.386135103236
0.93 0 0.386480457674
0.94 0 0.387018351884
0.95 0 0.386034411167
0.96 0 0.386427729907
0.97 0 0.386807513988
0.98 0 0.386356849541
0.99 0 0.386926499025
1.0 0 0.386370485018
