0.0 0 0.0
0.01 0 0.444
0.02 0 0.44704109589
0.03 0 0.444
0.04 0 0.44600282167
0.05 0 0.445610520398
0.06 0 0.444
0.07 0 0.445717786831
0.08 0 0.444249438202
0.09 0 0.44422244489
0.1 0 0.445001263538
0.11 0 0.444
0.12 0 0.444665480181
0.13 0 0.445697227051
0.14 0 0.444571061093
0.15 0 0.444932933413
0.16 0 0.444998875141
0.17 0 0.444470463675
0.18 0 0.444888694347
0.19 0 0.445158245513
0.2 0 0.445099370504
0.21 0 0.445335278221
0.22 0 0.444635731427
0.23 0 0.444694716795
0.24 0 0.444582521403
0.25 0 0.445442485966
0.26 0 0.44600383222
0.27 0 0.445110567654
0.28 0 0.445141950097
0.29 0 0.445172950079
0.3 0 0.445333894592
0.31 0 0.446002948138
0.32 0 0.445750985915
0.33 0 0.445760293703
0.34 0 0.445648595557
0.35 0 0.445486126338
0.36 0 0.445555757196
0.37 0 0.445514969796
0.38 0 0.446056294142
0.39 0 0.446105969459
0.4 0 0.445650608519
0.41 0 0.445856535678
0.42 0 0.446243648604
0.43 0 0.446189990704
0.44 0 0.446002296956
0.45 0 0.44591419479
0.46 0 0.446397383645
0.47 0 0.446388346164
0.48 0 0.445751756198
0.49 0 0.446291736274
0.5 0 0.446284954963
0.51 0 0.446278938053
0.52 0 0.446080031376
0.53 0 0.446688043242
0.54 0 0.446899045706
0.55 0 0.445966558447
0.56 0 0.44639768163
0.57 0 0.446144613029
0.58 0 0.446732724596
0.59 0 0.446514618093
0.6 0 0.447043885705
0.61 0 0.446697149958
0.62 0 0.446946506186
0.63 0 0.446866478061
0.64 0 0.447104897336
0.65 0 0.447089556835
0.66 0 0.447041723
0.67 0 0.447236938032
0.68 0 0.447486300004
0.69 0 0.447174182714
0.7 0 0.446780211708
0.71 0 0.447281443308
0.72 0 0.447741122691
0.73 0 0.447886070768
0.74 0 0.4475578932
0.75 0 0.44702451852
0.76 0 0.447169732084
0.77 0 0.447864147094
0.78 0 0.447737628438
0.79 0 0.447510000369
0.8 0 0.447946567868
0.81 0 0.448197858259
0.82 0 0.447504365758
0.83 0 0.447803154806
0.84 0 0.447974438212
0.85 0 0.448117766155
0.86 0 0.447740567013
0.87 0 0.448607393096
0.88 0 0.44836920692
0.89 0 0.448387308248
0.9 0 0.448158946625
0.91 0 0.44840270117
0.92 0 0.448177164551
0.93 0 0.448349768323
0.94 0 0.448239620862
0.95 0 0.448301011643
0.96 0 0.448234225017
0.97 0 0.448609849098
0.98 0 0.448936785729
0.99 0 0.448803614991
1.0 0 0.448673455352
