0.0 0 0.0
0.01 0 0.508263157895
0.02 0 0.503769230769
0.03 0 0.503033538196
0.04 0 0.500560509554
0.05 0 0.500345177665
0.06 0 0.500202531646
0.07 0 0.4995
0.08 0 0.4995
0.09 0 0.4995
0.1 0 0.4995
0.11 0 0.501230371564
0.12 0 0.500378535351
0.13 0 0.500634911552
0.14 0 0.499951809082
0.15 0 0.499921321492
0.16 0 0.500422142736
0.17 0 0.500493536291
0.18 0 0.499851046402
0.19 0 0.499721606034
0.2 0 0.500447840083
0.21 0 0.500605372334
0.22 0 0.500554165391
0.23 0 0.500415908876
0.24 0 0.500907104358
0.25 0 0.500342895714
0.26 0 0.500553639659
0.27 0 0.500671118991
0.28 0 0.500328415527
0.29 0 0.500008148912
0.3 0 0.500623774123
0.31 0 0.500792816812
0.32 0 0.500884030359
0.33 0 0.500969689662
0.34 0 0.500678512625
0.35 0 0.501188344037
0.36 0 0.500436269916
0.37 0 0.500581791526
0.38 0 0.500887660369
0.39 0 0.500689051796
0.4 0 0.501134732665
0.41 0 0.500785918193
0.42 0 0.500905910736
0.43 0 0.501266404715
0.44 0 0.501034580684
0.45 0 0.501047024592
0.46 0 0.500691249312
0.47 0 0.50125062512
0.48 0 0.501082365364
0.49 0 0.501222428693
0.5 0 0.500764785194
0.51 0 0.501362755775
0.52 0 0.501530170954
0.53 0 0.501051888731
0.54 0 0.500944434478
0.55 0 0.501534846576
0.56 0 0.501649281941
0.57 0 0.50101673166
0.58 0 0.501246503497
0.59 0 0.501467805739
0.6 0 0.501363959565
0.61 0 0.501368799395
0.62 0 0.50140648855
0.63 0 0.501813549594
0.64 0 0.501247218055
0.65 0 0.501644334591
0.66 0 0.501611448477
0.67 0 0.501832839009
0.68 0 0.501830240739
0.69 0 0.501396636277
0.7 0 0.501914217091
0.71 0 0.502030482513
0.72 0 0.501699966912
0.73 0 0.501669351384
0.74 0 0.502070059741
0.75 0 0.501809637599
0.76 0 0.501946355284
0.77 0 0.501914158192
0.78 0 0.502429144273
0.79 0 0.501799471097
0.8 0 0.501849782046
0.81 0 0.502187319722
0.82 0 0.501999702476
0.83 0 0.502173879176
0.84 0 0.501787771779
0.85 0 0.501986143689
0.86 0 0.501858005254
0.87 0 0.502587886795
0.88 0 0.502094098345
0.89 0 0.501992925954
0.9 0 0.502318959852
0.91 0 0.502521232282
0.92 0 0.503021334524
0.93 0 0.502707911914
0.94 0 0.502220687157
0.95 0 0.502506071878
0.96 0 0.502851180929
0.97 0 0.502640722597
0.98 0 0.502522043512
0.99 0 0.502555710186
1.0 0 0.502716042897
