0.0 0 0.0
0.01 0 0.552292682927
0.02 0 0.553662650602
0.03 0 0.548784
0.04 0 0.550347305389
0.05 0 0.548657142857
0.06 0 0.549250996016
0.07 0 0.550075085324
0.08 0 0.549871968783
0.09 0 0.549405835544
0.1 0 0.549092930898
0.11 0 0.549233766234
0.12 0 0.548574324005
0.13 0 0.549068753482
0.14 0 0.549336734694
0.15 0 0.548802367088
0.16 0 0.549598943838
0.17 0 0.549018924205
0.18 0 0.549317740512
0.19 0 0.549043247995
0.2 0 0.549341198328
0.21 0 0.549374747022
0.22 0 0.549134876698
0.23 0 0.549010876511
0.24 0 0.548690740689
0.25 0 0.548942948654
0.26 0 0.549008234218
0.27 0 0.549126984127
0.28 0 0.54941469892
0.29 0 0.548609883087
0.3 0 0.549040503891
0.31 0 0.54895179374
0.32 0 0.549530670702
0.33 0 0.548903745459
0.34 0 0.549403481088
0.35 0 0.549047960803
0.36 0 0.549092291411
0.37 0 0.549310769419
0.38 0 0.548985912654
0.39 0 0.54947542554
0.4 0 0.549395545133
0.41 0 0.54951805209
0.42 0 0.549284881156
0.43 0 0.549215059123
0.44 0 0.549531149463
0.45 0 0.549410392105
0.46 0 0.549579439781
0.47 0 0.5494501411
0.48 0 0.549383988649
0.49 0 0.549276130856
0.5 0 0.549553175971
0.51 0 0.549360619524
0.52 0 0.549636850438
0.53 0 0.549315474741
0.54 0 0.549259183074
0.55 0 0.549760115123
0.56 0 0.549570671771
0.57 0 0.549436132833
0.58 0 0.549709983721
0.59 0 0.549873704053
0.6 0 0.549486536403
0.61 0 0.549531330565
0.62 0 0.549443641194
0.63 0 0.54949730369
0.64 0 0.549778713141
0.65 0 0.549791797065
0.66 0 0.549837724988
0.67 0 0.549873575469
0.68 0 0.549884854946
0.69 0 0.549737406589
0.7 0 0.549212203838
0.71 0 0.549693047501
0.72 0 0.549766791171
0.73 0 0.549710861533
0.74 0 0.549693907253
0.75 0 0.549706527587
0.76 0 0.550142371837
0.77 0 0.549864781847
0.78 0 0.54981869442
0.79 0 0.550125917
0.8 0 0.550022941919
0.81 0 0.55000353045
0.82 0 0.550164101767
0.83 0 0.549906514035
0.84 0 0.549856329867
0.85 0 0.550148194368
0.86 0 0.550128448981
0.87 0 0.550077379589
0.88 0 0.549736416185
0.89 0 0.550139065371
0.9 0 0.550259775955
0.91 0 0.550335825309
0.92 0 0.549697873289
0.93 0 0.550571392925
0.94 0 0.550246261145
0.95 0 0.549928188909
0.96 0 0.550248546038
0.97 0 0.550026869117
0.98 0 0.550747493311
0.99 0 0.550011409548
1.0 0 0.550498572183
