0.0 0 0.0
0.01 0 0.604046511628
0.02 0 0.597886363636
0.03 0 0.595363636364
0.04 0 0.594508474576
0.05 0 0.594446616541
0.06 0 0.593390977444
0.07 0 0.593189710611
0.08 0 0.59311239013
0.09 0 0.59274
0.1 0 0.592887306908
0.11 0 0.59245398773
0.12 0 0.592785990169
0.13 0 0.592256055363
0.14 0 0.592554603854
0.15 0 0.592369390525
0.16 0 0.592103932584
0.17 0 0.592358590308
0.18 0 0.592
0.19 0 0.592350295858
0.2 0 0.592110778443
0.21 0 0.5926603794
0.22 0 0.592529111338
0.23 0 0.59253056812
0.24 0 0.592693222878
0.25 0 0.592576446233
0.26 0 0.592575887793
0.27 0 0.592472122053
0.28 0 0.592713253012
0.29 0 0.592305755517
0.3 0 0.592517224164
0.31 0 0.592447110481
0.32 0 0.592641000746
0.33 0 0.592167941359
0.34 0 0.592489123272
0.35 0 0.592221556886
0.36 0 0.592662467418
0.37 0 0.592464331541
0.38 0 0.592452026921
0.39 0 0.592113627639
0.4 0 0.592277018694
0.41 0 0.592554413352
0.42 0 0.592646754022
0.43 0 0.592528381743
0.44 0 0.592680464067
0.45 0 0.592763876142
0.46 0 0.592614711969
0.47 0 0.592695947018
0.48 0 0.592542589704
0.49 0 0.592543025882
0.5 0 0.592398935117
0.51 0 0.59248909771
0.52 0 0.592735684944
0.53 0 0.592596027093
0.54 0 0.592677630324
0.55 0 0.592665171288
0.56 0 0.592306748653
0.57 0 0.592612657792
0.58 0 0.592487229085
0.59 0 0.592413298113
0.6 0 0.592665168539
0.61 0 0.592554350088
0.62 0 0.592652710822
0.63 0 0.59264223486
0.64 0 0.592606327157
0.65 0 0.592528603844
0.66 0 0.592697298223
0.67 0 0.592686772417
0.68 0 0.592709194238
0.69 0 0.59270713961
0.7 0 0.592411601601
0.71 0 0.59272642781
0.72 0 0.592932035153
0.73 0 0.592645361432
0.74 0 0.592614276963
0.75 0 0.592398945448
0.76 0 0.592890041062
0.77 0 0.592626296455
0.78 0 0.592732017103
0.79 0 0.592505124779
0.8 0 0.592776222104
0.81 0 0.592711675126
0.82 0 0.592845333782
0.83 0 0.592701435853
0.84 0 0.592778913806
0.85 0 0.59261300081
0.86 0 0.592812231622
0.87 0 0.592681802629
0.88 0 0.592749676865
0.89 0 0.592947291397
0.9 0 0.59281322379
0.91 0 0.592999439623
0.92 0 0.593018901744
0.93 0 0.593031713096
0.94 0 0.592766809757
0.95 0 0.592782022614
0.96 0 0.592843195783
0.97 0 0.592794545277
0.98 0 0.592627787311
0.99 0 0.592941230845
1.0 0 0.592909459155
