0.0 0 0.0
0.01 0 0.637043478261
0.02 0 0.63735483871
0.03 0 0.6327
0.04 0 0.633946524064
0.05 0 0.631846153846
0.06 0 0.632818505338
0.07 0 0.631481707317
0.08 0 0.632256
0.09 0 0.631361702128
0.1 0 0.631918976546
0.11 0 0.631218568665
0.12 0 0.631694493783
0.13 0 0.631291725034
0.14 0 0.631534246575
0.15 0 0.631345316935
0.16 0 0.631414114514
0.17 0 0.630991239049
0.18 0 0.631361702128
0.19 0 0.630947368421
0.2 0 0.631282978723
0.21 0 0.631551724138
0.22 0 0.631320345281
0.23 0 0.631466666667
0.24 0 0.631164893617
0.25 0 0.631395229983
0.26 0 0.631205577152
0.27 0 0.631444645073
0.28 0 0.631080547112
0.29 0 0.631307410125
0.3 0 0.63112141797
0.31 0 0.631260123542
0.32 0 0.631087229296
0.33 0 0.63128641245
0.34 0 0.630991239049
0.35 0 0.631181762918
0.36 0 0.630988777318
0.37 0 0.63114893617
0.38 0 0.630966983772
0.39 0 0.631176871637
0.4 0 0.631003283643
0.41 0 0.631311299533
0.42 0 0.631249240122
0.43 0 0.631120829035
0.44 0 0.631218568665
0.45 0 0.631113040545
0.46 0 0.631385256015
0.47 0 0.631042533937
0.48 0 0.631304841487
0.49 0 0.631114757824
0.5 0 0.631320374574
0.51 0 0.631093563186
0.52 0 0.631205577152
0.53 0 0.631073979933
0.54 0 0.631195903361
0.55 0 0.630974477958
0.56 0 0.631093809343
0.57 0 0.631038935191
0.58 0 0.631114481913
0.59 0 0.630985281374
0.6 0 0.631171071163
0.61 0 0.6313020204
0.62 0 0.631187930023
0.63 0 0.631184065923
0.64 0 0.631168784459
0.65 0 0.631234169772
0.66 0 0.631116843078
0.67 0 0.631181084432
0.68 0 0.631199631397
0.69 0 0.631260806436
0.7 0 0.631149804354
0.71 0 0.631241486477
0.72 0 0.631050906973
0.73 0 0.631253885681
0.74 0 0.63109850947
0.75 0 0.631295441649
0.76 0 0.631114139159
0.77 0 0.631189501684
0.78 0 0.631128993489
0.79 0 0.63125893847
0.8 0 0.631031238777
0.81 0 0.631113037837
0.82 0 0.631320343523
0.83 0 0.631046164195
0.84 0 0.631275899855
0.85 0 0.631087711617
0.86 0 0.631389755011
0.87 0 0.63107591702
0.88 0 0.631244014868
0.89 0 0.631190347406
0.9 0 0.631287082885
0.91 0 0.631103043538
0.92 0 0.631222938238
0.93 0 0.63111575118
0.94 0 0.631209165134
0.95 0 0.631151465884
0.96 0 0.631359156748
0.97 0 0.631116489019
0.98 0 0.63125183747
0.99 0 0.631203438589
1.0 0 0.631171069753
