0.0 0 0.418829326923
0.01 300 0.433614269147
0.02 600 0.448183445065
0.03 900 0.429059996279
0.04 1200 0.452434203762
0.05 1500 0.445952151405
0.06 1800 0.450284864049
0.07 2100 0.457871190762
0.08 2400 0.446242994668
0.09 2700 0.456459784431
0.1 3000 0.442209721961
0.11 3300 0.460972979908
0.12 3600 0.458291312925
0.13 3900 0.447542871929
0.14 4200 0.461666891707
0.15 4500 0.455663531283
0.16 4800 0.464095778984
0.17 5100 0.443847318367
0.18 5400 0.457051787755
0.19 5700 0.448578403125
0.2 6000 0.459639981918
0.21 6300 0.460331211073
0.22 6600 0.461930769231
0.23 6900 0.458238575124
0.24 7200 0.46287093978
0.25 7500 0.42897654164
0.26 7800 0.462403373409
0.27 8100 0.460658362539
0.28 8400 0.441759569652
0.29 8700 0.460311235202
0.3 9000 0.455692115625
0.31 9300 0.420787974407
0.32 9600 0.461731457143
0.33 9900 0.432375204082
0.34 10200 0.459548653813
0.35 10500 0.460632518919
0.36 10800 0.460246148631
0.37 11100 0.450490289256
0.38 11400 0.443631143916
0.39 11700 0.447431497501
0.4 12000 0.422039059156
0.41 12300 0.45262544968
0.42 12600 0.454002525039
0.43 12900 0.462744933432
0.44 13200 0.45453956828
0.45 13500 0.463426684443
0.46 13800 0.449494591736
0.47 14100 0.449920439189
0.48 14400 0.436040877509
0.49 14700 0.455831123247
0.5 15000 0.460382028137
0.51 15300 0.460623141892
0.52 15600 0.460941183432
0.53 15900 0.457321440813
0.54 16200 0.427626959032
0.55 16500 0.451939583333
0.56 16800 0.464427323968
0.57 17094 0.439305499188
0.58 17400 0.456685692853
0.59 17700 0.460620634921
0.6 18000 0.4495944
0.61 18300 0.4628848
0.62 18600 0.455479786248
0.63 18900 0.444256734694
0.64 19200 0.457302015296
0.65 19500 0.451248916685
0.66 19800 0.43774344083
0.67 20100 0.441493828125
0.68 20400 0.440877539379
0.69 20694 0.444702104211
0.7 21000 0.459256836735
0.71 21300 0.460240369323
0.72 21600 0.463964897959
0.73 21900 0.444442248521
0.74 22200 0.443014429019
0.75 22500 0.448565548204
0.76 22800 0.448732024793
0.77 23100 0.450228333333
0.78 23400 0.431060946746
0.79 23700 0.443501975232
0.8 24000 0.450162751323
0.81 24300 0.459308133749
0.82 24600 0.455599866892
0.83 24900 0.454784733728
0.84 25200 0.458162033133
0.85 25500 0.414625305091
0.86 25800 0.461061280992
0.87 26100 0.460697878775
0.88 26400 0.45612997754
0.89 26700 0.430031351351
0.9 27000 0.458720025429
0.91 27300 0.46140117551
0.92 27600 0.451427514881
0.93 27900 0.444853846154
0.94 28200 0.451585
0.95 28500 0.454252083333
0.96 28800 0.452662865891
0.97 29100 0.464848429752
0.98 29400 0.45514625
0.99 29700 0.439087052342
1.0 30000 0.45275700831
