0.0 0 0.431745473293
0.01 300 0.450366794443
0.02 600 0.455797123545
0.03 900 0.470623140021
0.04 1200 0.453947018847
0.05 1500 0.482304363665
0.06 1800 0.476206445481
0.07 2100 0.480028793313
0.08 2400 0.49307422657
0.09 2700 0.462030857868
0.1 3000 0.496556906025
0.11 3300 0.49385697337
0.12 3600 0.484134732706
0.13 3900 0.475204058099
0.14 4200 0.491485796028
0.15 4500 0.478465745983
0.16 4800 0.476727728468
0.17 5100 0.469010334682
0.18 5400 0.480588237088
0.19 5700 0.484058183183
0.2 6000 0.483133769322
0.21 6300 0.493559444444
0.22 6600 0.493869583763
0.23 6900 0.493067692308
0.24 7200 0.449826798722
0.25 7500 0.470883135687
0.26 7800 0.487532730535
0.27 8100 0.486506657143
0.28 8400 0.489063186777
0.29 8700 0.48945744813
0.3 9000 0.49394093564
0.31 9300 0.471336871193
0.32 9600 0.485029631083
0.33 9900 0.4625
0.34 10200 0.490227719829
0.35 10500 0.485069748204
0.36 10800 0.453994567901
0.37 11100 0.491005289256
0.38 11400 0.494703703704
0.39 11700 0.487877676101
0.4 12000 0.483968804283
0.41 12300 0.487244877636
0.42 12600 0.487890306122
0.43 12900 0.496918020167
0.44 13200 0.489275709343
0.45 13500 0.486023339908
0.46 13800 0.489513134661
0.47 14100 0.493305106134
0.48 14400 0.490938016529
0.49 14700 0.479402459908
0.5 15000 0.492485289256
0.51 15300 0.490334860083
0.52 15600 0.489170655517
0.53 15900 0.498100893402
0.54 16200 0.48087340388
0.55 16500 0.496145297582
0.56 16800 0.463641975309
0.57 17094 0.483092844545
0.58 17400 0.491336112838
0.59 17700 0.473404016049
0.6 18000 0.486161157025
0.61 18300 0.490874016202
0.62 18600 0.490481624045
0.63 18900 0.466741163435
0.64 19200 0.490592592593
0.65 19500 0.463780225234
0.66 19800 0.49468622449
0.67 20100 0.473558405605
0.68 20400 0.485613011904
0.69 20694 0.481917355372
0.7 21000 0.48651100724
0.71 21300 0.488928571429
0.72 21600 0.486062214533
0.73 21900 0.492774291892
0.74 22200 0.463392278537
0.75 22500 0.492802421875
0.76 22800 0.488989289354
0.77 23100 0.476024844291
0.78 23400 0.475776878252
0.79 23700 0.48766
0.8 24000 0.494754761519
0.81 24300 0.493309730832
0.82 24600 0.475291960835
0.83 24900 0.46337875
0.84 25200 0.496671708478
0.85 25500 0.491684709531
0.86 25800 0.492669432802
0.87 26100 0.492749387755
0.88 26400 0.446415041274
0.89 26700 0.462022570133
0.9 27000 0.486992315145
0.91 27300 0.474867026661
0.92 27600 0.492888141397
0.93 27900 0.477121595188
0.94 28200 0.486467562669
0.95 28500 0.473466583746
0.96 28800 0.477241617357
0.97 29100 0.491549586777
0.98 29400 0.483592246073
0.99 29700 0.482796713776
1.0 30000 0.483593532986
