0.0 0 0.393965493827
0.01 300 0.458195208541
0.02 600 0.472803959612
0.03 900 0.471669682441
0.04 1200 0.490335686253
0.05 1500 0.518007955151
0.06 1800 0.515370346179
0.07 2100 0.510818053167
0.08 2400 0.52752565
0.09 2700 0.518286478281
0.1 3000 0.523887230387
0.11 3300 0.525475740464
0.12 3600 0.51648215229
0.13 3900 0.513011555367
0.14 4200 0.516558993941
0.15 4500 0.53099925861
0.16 4800 0.526200257143
0.17 5100 0.5311928125
0.18 5400 0.522651428571
0.19 5700 0.52193535503
0.2 6000 0.523639302398
0.21 6300 0.532180828537
0.22 6600 0.530838673598
0.23 6900 0.518012802768
0.24 7200 0.524216489256
0.25 7500 0.528959516765
0.26 7800 0.526413195621
0.27 8100 0.518185
0.28 8400 0.518564287835
0.29 8700 0.51564491016
0.3 9000 0.518415455886
0.31 9300 0.526015408163
0.32 9600 0.530918962981
0.33 9900 0.519582777778
0.34 10200 0.520934758806
0.35 10500 0.522281975833
0.36 10800 0.514491737773
0.37 11100 0.521135201889
0.38 11400 0.524695847165
0.39 11700 0.519863475546
0.4 12000 0.523036111111
0.41 12300 0.52248625
0.42 12600 0.525667346939
0.43 12900 0.523489768814
0.44 13200 0.516661770765
0.45 13500 0.517180714286
0.46 13800 0.527399731783
0.47 14100 0.518082567853
0.48 14400 0.527858166905
0.49 14700 0.518221822933
0.5 15000 0.523837777778
0.51 15300 0.526651638051
0.52 15600 0.50514550477
0.53 15900 0.51989327741
0.54 16200 0.519792743176
0.55 16500 0.527526351351
0.56 16800 0.494716539129
0.57 17094 0.522249012041
0.58 17400 0.532078966912
0.59 17700 0.512895510204
0.6 18000 0.517048594291
0.61 18300 0.519631712803
0.62 18600 0.521967759184
0.63 18900 0.520112003254
0.64 19200 0.512340798611
0.65 19500 0.52619082206
0.66 19800 0.519340497245
0.67 20100 0.518814401682
0.68 20400 0.527080289256
0.69 20694 0.528290838404
0.7 21000 0.492047455621
0.71 21300 0.462429504145
0.72 21600 0.520730546412
0.73 21900 0.519772392314
0.74 22200 0.526870961965
0.75 22500 0.517857074653
0.76 22800 0.502521863417
0.77 23100 0.52498375
0.78 23400 0.508112693589
0.79 23700 0.526410470332
0.8 24000 0.492346180914
0.81 24300 0.529118877551
0.82 24600 0.526651638051
0.83 24900 0.517126111235
0.84 25200 0.519018677662
0.85 25500 0.53122241907
0.86 25800 0.50912
0.87 26100 0.51286892562
0.88 26400 0.527186478573
0.89 26700 0.520568595041
0.9 27000 0.517602044444
0.91 27300 0.521647055352
0.92 27600 0.522313788113
0.93 27900 0.5065152
0.94 28200 0.502326759003
0.95 28500 0.504741157025
0.96 28800 0.52845479074
0.97 29100 0.513239307851
0.98 29400 0.522319140166
0.99 29700 0.519863475546
1.0 30000 0.523249533728
