0.0 0 0.0
0.01 0 0.221571759259
0.02 0 0.224888346782
0.03 0 0.221975975976
0.04 0 0.223981401097
0.05 0 0.223593350556
0.06 0 0.22198460961
0.07 0 0.223708187075
0.08 0 0.222209684053
0.09 0 0.222211036127
0.1 0 0.222966958827
0.11 0 0.221989442162
0.12 0 0.222637691288
0.13 0 0.223684748654
0.14 0 0.22256743458
0.15 0 0.222913664696
0.16 0 0.222988727682
0.17 0 0.22244645537
0.18 0 0.222879091579
0.19 0 0.223135057538
0.2 0 0.223091548763
0.21 0 0.223325433225
0.22 0 0.222623291272
0.23 0 0.222681388019
0.24 0 0.222574062788
0.25 0 0.223428504696
0.26 0 0.22399273192
0.27 0 0.223092572243
0.28 0 0.22312428688
0.29 0 0.223163775924
0.3 0 0.223330466489
0.31 0 0.223999770939
0.32 0 0.223745163975
0.33 0 0.223750748826
0.34 0 0.223636338743
0.35 0 0.223481112372
0.36 0 0.223542038624
0.37 0 0.223513492177
0.38 0 0.224045320707
0.39 0 0.224102843817
0.4 0 0.223646642252
0.41 0 0.223854161455
0.42 0 0.224242291998
0.43 0 0.224182667611
0.44 0 0.223990314278
0.45 0 0.22391342276
0.46 0 0.224391509714
0.47 0 0.224385128151
0.48 0 0.223749506168
0.49 0 0.224289901824
0.5 0 0.224283420422
0.51 0 0.224274866286
0.52 0 0.224074951926
0.53 0 0.224687511733
0.54 0 0.224894140786
0.55 0 0.223962197027
0.56 0 0.2243880184
0.57 0 0.224136190278
0.58 0 0.224730697576
0.59 0 0.224504644238
0.6 0 0.225041517933
0.61 0 0.22469283292
0.62 0 0.224943933197
0.63 0 0.224864602754
0.64 0 0.225094576379
0.65 0 0.225087797584
0.66 0 0.225037968334
0.67 0 0.225226959621
0.68 0 0.225482712533
0.69 0 0.225172643543
0.7 0 0.224776623425
0.71 0 0.225281072061
0.72 0 0.225736773285
0.73 0 0.225880269841
0.74 0 0.22555554569
0.75 0 0.225019621243
0.76 0 0.225165892644
0.77 0 0.225859477122
0.78 0 0.225735568119
0.79 0 0.225498817808
0.8 0 0.225943846431
0.81 0 0.226196647139
0.82 0 0.2255031764
0.83 0 0.225799710856
0.84 0 0.225972185955
0.85 0 0.226113018052
0.86 0 0.225739179265
0.87 0 0.226605281079
0.88 0 0.226366303393
0.89 0 0.226383207744
0.9 0 0.226151482334
0.91 0 0.226400363958
0.92 0 0.226176770988
0.93 0 0.226349399689
0.94 0 0.226235454387
0.95 0 0.226300121933
0.96 0 0.226232531535
0.97 0 0.226608703372
0.98 0 0.226936222752
0.99 0 0.226802737747
1.0 0 0.226672769603
