0.0 0 0.0
0.01 0 0.382026500811
0.02 0 0.375867252066
0.03 0 0.373327536731
0.04 0 0.372499026461
0.05 0 0.372432563738
0.06 0 0.371378688733
0.07 0 0.371181294652
0.08 0 0.371099563205
0.09 0 0.37072496875
0.1 0 0.37088148002
0.11 0 0.370448030495
0.12 0 0.3707804452
0.13 0 0.370254172603
0.14 0 0.370545649225
0.15 0 0.370362200475
0.16 0 0.370097619264
0.17 0 0.37035436822
0.18 0 0.369996136228
0.19 0 0.370347760465
0.2 0 0.370106503839
0.21 0 0.370659248343
0.22 0 0.370522355575
0.23 0 0.370526423421
0.24 0 0.370691783794
0.25 0 0.370575425635
0.26 0 0.370575034873
0.27 0 0.370470729858
0.28 0 0.370711975936
0.29 0 0.370305218922
0.3 0 0.370515370479
0.31 0 0.370446338808
0.32 0 0.3706389901
0.33 0 0.370167424059
0.34 0 0.370487469835
0.35 0 0.370220234429
0.36 0 0.370661996264
0.37 0 0.370463456205
0.38 0 0.370451434147
0.39 0 0.370110225353
0.4 0 0.370273062499
0.41 0 0.370548557858
0.42 0 0.370643621921
0.43 0 0.370524512201
0.44 0 0.37067850569
0.45 0 0.370760837011
0.46 0 0.370614435135
0.47 0 0.370694875245
0.48 0 0.370541881907
0.49 0 0.370542800241
0.5 0 0.370397835026
0.51 0 0.370488790014
0.52 0 0.37073432756
0.53 0 0.370595469665
0.54 0 0.370676503222
0.55 0 0.370664236631
0.56 0 0.370306408299
0.57 0 0.370612181459
0.58 0 0.370486253065
0.59 0 0.37041178852
0.6 0 0.370665106258
0.61 0 0.370553899846
0.62 0 0.370651953141
0.63 0 0.370638530771
0.64 0 0.37060572784
0.65 0 0.370526971886
0.66 0 0.370697026427
0.67 0 0.370686081837
0.68 0 0.370708053503
0.69 0 0.370706952544
0.7 0 0.370410896167
0.71 0 0.37072634245
0.72 0 0.370931363469
0.73 0 0.370644109283
0.74 0 0.3706141564
0.75 0 0.370397947188
0.76 0 0.370889383016
0.77 0 0.370625947172
0.78 0 0.370731274353
0.79 0 0.370504501158
0.8 0 0.370775006313
0.81 0 0.37071105948
0.82 0 0.370843939378
0.83 0 0.370701128216
0.84 0 0.370777739597
0.85 0 0.370612035662
0.86 0 0.370811242703
0.87 0 0.370681441283
0.88 0 0.370748775538
0.89 0 0.370946736998
0.9 0 0.370812817761
0.91 0 0.370999344425
0.92 0 0.37101867444
0.93 0 0.371030669254
0.94 0 0.370766054023
0.95 0 0.370781920785
0.96 0 0.370842712893
0.97 0 0.370792886455
0.98 0 0.370627279042
0.99 0 0.370940893155
1.0 0 0.370909127933
