0.0 0 0.0
0.01 0 -0.120633136095
0.02 0 -0.109366678533
0.03 0 -0.105556953125
0.04 0 -0.104730505603
0.05 0 -0.103420844157
0.06 0 -0.102692511694
0.07 0 -0.102106112019
0.08 0 -0.101910193759
0.09 0 -0.101550893372
0.1 0 -0.101349248985
0.11 0 -0.101000164143
0.12 0 -0.10079912471
0.13 0 -0.100497213347
0.14 0 -0.100162194748
0.15 0 -0.100460008931
0.16 0 -0.100388161524
0.17 0 -0.0998159642639
0.18 0 -0.0998493311096
0.19 0 -0.0998557528279
0.2 0 -0.0995125487271
0.21 0 -0.100345442215
0.22 0 -0.100858852109
0.23 0 -0.100174976999
0.24 0 -0.0999853096102
0.25 0 -0.0999473941884
0.26 0 -0.0999595036525
0.27 0 -0.0996697519113
0.28 0 -0.0994914554259
0.29 0 -0.0996213391422
0.3 0 -0.099644964835
0.31 0 -0.0995837107174
0.32 0 -0.099598385703
0.33 0 -0.0989478279783
0.34 0 -0.0990955783165
0.35 0 -0.0991687895766
0.36 0 -0.0986286833365
0.37 0 -0.0990369415245
0.38 0 -0.0987390779949
0.39 0 -0.0984236627084
0.4 0 -0.0986935378405
0.41 0 -0.0994445665283
0.42 0 -0.0991024774322
0.43 0 -0.0986830998721
0.44 0 -0.0990856219769
0.45 0 -0.0986574581721
0.46 0 -0.0987023780082
0.47 0 -0.0986186070058
0.48 0 -0.0986415679537
0.49 0 -0.0982536705428
0.5 0 -0.0981347043839
0.51 0 -0.0981291005667
0.52 0 -0.0980575010645
0.53 0 -0.0983811885057
0.54 0 -0.0980818565545
0.55 0 -0.0979377969429
0.56 0 -0.0977182278995
0.57 0 -0.0979308430238
0.58 0 -0.097749882625
0.59 0 -0.0980252812239
0.6 0 -0.0977202726177
0.61 0 -0.0976693945136
0.62 0 -0.0976466443345
0.63 0 -0.0977970377772
0.64 0 -0.0972341402587
0.65 0 -0.0974432033608
0.66 0 -0.0973370850156
0.67 0 -0.09719877265
0.68 0 -0.0970245368333
0.69 0 -0.0972370005405
0.7 0 -0.097430012558
0.71 0 -0.0968439074469
0.72 0 -0.096839895053
0.73 0 -0.0966043897258
0.74 0 -0.0968930013815
0.75 0 -0.0962920921087
0.76 0 -0.0969533699533
0.77 0 -0.0966744794934
0.78 0 -0.0964694320779
0.79 0 -0.0964446812494
0.8 0 -0.0964789018169
0.81 0 -0.0960343645395
0.82 0 -0.0964840945014
0.83 0 -0.0964554559747
0.84 0 -0.0965707309698
0.85 0 -0.0961650064984
0.86 0 -0.0959826826008
0.87 0 -0.0961840396876
0.88 0 -0.0960242567277
0.89 0 -0.0957741666384
0.9 0 -0.0958186514916
0.91 0 -0.0954949065075
0.92 0 -0.0957304744763
0.93 0 -0.0956348523425
0.94 0 -0.0953157226739
0.95 0 -0.0953617350627
0.96 0 -0.095013372705
0.97 0 -0.0955115505442
0.98 0 -0.0951057920791
0.99 0 -0.0953092227554
1.0 0 -0.0949676617574
