0.0 0 0.0
0.01 0 0.16128466483
0.02 0 0.159630514706
0.03 0 0.159402724102
0.04 0 0.159615964249
0.05 0 0.159420254736
0.06 0 0.157938292809
0.07 0 0.159863112046
0.08 0 0.159663084713
0.09 0 0.160390187305
0.1 0 0.159818253329
0.11 0 0.159991784696
0.12 0 0.159252558403
0.13 0 0.15861929711
0.14 0 0.160472317791
0.15 0 0.159727861137
0.16 0 0.159603541574
0.17 0 0.160153524356
0.18 0 0.159486460333
0.19 0 0.15953112852
0.2 0 0.160572488637
0.21 0 0.160005810819
0.22 0 0.159765346892
0.23 0 0.160530696193
0.24 0 0.160054558595
0.25 0 0.15968910166
0.26 0 0.160053196498
0.27 0 0.160526699161
0.28 0 0.160340059996
0.29 0 0.160602469525
0.3 0 0.160032623782
0.31 0 0.160727214111
0.32 0 0.159907545745
0.33 0 0.16093342191
0.34 0 0.161466036398
0.35 0 0.16058678648
0.36 0 0.160818507128
0.37 0 0.160849178183
0.38 0 0.160794856132
0.39 0 0.160645603676
0.4 0 0.160158050932
0.41 0 0.161051212182
0.42 0 0.160604967571
0.43 0 0.16158952708
0.44 0 0.161352046153
0.45 0 0.161038804337
0.46 0 0.161496937831
0.47 0 0.161672826206
0.48 0 0.161801285094
0.49 0 0.161546156207
0.5 0 0.161328631932
0.51 0 0.161335704071
0.52 0 0.161699282585
0.53 0 0.1618546815
0.54 0 0.161687038662
0.55 0 0.162044358772
0.56 0 0.161834664026
0.57 0 0.162559380113
0.58 0 0.162266559885
0.59 0 0.162105171741
0.6 0 0.162482916389
0.61 0 0.162215691275
0.62 0 0.162374233438
0.63 0 0.162487084916
0.64 0 0.162569349579
0.65 0 0.162854685282
0.66 0 0.162490684198
0.67 0 0.162735594367
0.68 0 0.163066728998
0.69 0 0.163242672125
0.7 0 0.163186266934
0.71 0 0.163204826926
0.72 0 0.162824434685
0.73 0 0.163252208419
0.74 0 0.16344489137
0.75 0 0.163526978072
0.76 0 0.163634556775
0.77 0 0.163261370195
0.78 0 0.163560140739
0.79 0 0.163328789683
0.8 0 0.162821531248
0.81 0 0.163561558855
0.82 0 0.163352529748
0.83 0 0.163245963943
0.84 0 0.163614435823
0.85 0 0.163725514302
0.86 0 0.163737542498
0.87 0 0.163834467661
0.88 0 0.164050121
0.89 0 0.163971891373
0.9 0 0.163784681754
0.91 0 0.164180497673
0.92 0 0.164684377296
0.93 0 0.164273891474
0.94 0 0.164213050036
0.95 0 0.164450017119
0.96 0 0.164741577482
0.97 0 0.164727839904
0.98 0 0.164775089746
0.99 0 0.164692867657
1.0 0 0.164570284329
