0.0 0 0.435505289256
0.01 300 0.436680900811
0.02 600 0.433955078125
0.03 900 0.422298076923
0.04 1200 0.423599347253
0.05 1500 0.430545454545
0.06 1800 0.432680169753
0.07 2100 0.418157372079
0.08 2400 0.438336734694
0.09 2700 0.430205211585
0.1 3000 0.391759397763
0.11 3300 0.441075730178
0.12 3600 0.437097460388
0.13 3900 0.437582042807
0.14 4200 0.402658163265
0.15 4500 0.436087360147
0.16 4800 0.416756790533
0.17 5100 0.40848
0.18 5400 0.420498394118
0.19 5700 0.433646737773
0.2 6000 0.433819526627
0.21 6300 0.429335527528
0.22 6600 0.422598220563
0.23 6900 0.439481183432
0.24 7200 0.419065251307
0.25 7500 0.4194592875
0.26 7800 0.437613195621
0.27 8100 0.436637755102
0.28 8400 0.437339372491
0.29 8700 0.430288746046
0.3 9000 0.43165125
0.31 9300 0.414459418403
0.32 9600 0.439665799762
0.33 9900 0.426765087724
0.34 10200 0.437664712847
0.35 10500 0.439671436543
0.36 10800 0.420378839792
0.37 11100 0.433011535497
0.38 11400 0.418620541103
0.39 11700 0.431573149848
0.4 12000 0.4386424
0.41 12300 0.430123376783
0.42 12600 0.425965628252
0.43 12900 0.440473560821
0.44 13200 0.441553737471
0.45 13500 0.429335859375
0.46 13800 0.442151925078
0.47 14100 0.407789047732
0.48 14400 0.416718671555
0.49 14700 0.433860101218
0.5 15000 0.43093245121
0.51 15300 0.434013811196
0.52 15600 0.430007224535
0.53 15900 0.426659105461
0.54 16200 0.425378918919
0.55 16500 0.435200156986
0.56 16800 0.426641975309
0.57 17094 0.437859279012
0.58 17400 0.439412127593
0.59 17700 0.441953766692
0.6 18000 0.42184892562
0.61 18300 0.43349112426
0.62 18600 0.435438016529
0.63 18900 0.434540762265
0.64 19200 0.431209876543
0.65 19500 0.427659296875
0.66 19800 0.392226015625
0.67 20100 0.435563681441
0.68 20400 0.439087179752
0.69 20694 0.405685341103
0.7 21000 0.429231456599
0.71 21300 0.435826712803
0.72 21600 0.411651801461
0.73 21900 0.429029499597
0.74 22200 0.426069158163
0.75 22500 0.434527444077
0.76 22800 0.4286376
0.77 23100 0.43509571757
0.78 23400 0.44242241907
0.79 23700 0.391394104936
0.8 24000 0.431129754861
0.81 24300 0.428793247768
0.82 24600 0.431353036593
0.83 24900 0.435790082592
0.84 25200 0.423837881898
0.85 25500 0.424457854121
0.86 25800 0.43628289342
0.87 26100 0.409713333333
0.88 26400 0.436826530612
0.89 26700 0.437630843194
0.9 27000 0.43040852071
0.91 27300 0.440380946939
0.92 27600 0.43964030764
0.93 27900 0.437449536132
0.94 28200 0.4108776
0.95 28500 0.426139305886
0.96 28800 0.422079538776
0.97 29100 0.430051181853
0.98 29400 0.429981270987
0.99 29700 0.43284015963
1.0 30000 0.435449375411
