0.0 0 0.420339876033
0.01 300 0.411560816327
0.02 600 0.436529740979
0.03 900 0.427473817568
0.04 1200 0.436484547057
0.05 1500 0.431687901745
0.06 1800 0.429785169231
0.07 2100 0.424676938776
0.08 2400 0.411530128576
0.09 2697 0.441259259259
0.1 3000 0.431535892926
0.11 3300 0.383754810748
0.12 3600 0.439070359616
0.13 3900 0.415275741103
0.14 4200 0.434218614234
0.15 4500 0.424819445983
0.16 4800 0.433956149344
0.17 5100 0.407990743802
0.18 5397 0.433330917661
0.19 5697 0.432011194974
0.2 6000 0.435596553288
0.21 6300 0.436125509259
0.22 6600 0.435473663668
0.23 6900 0.403071837254
0.24 7200 0.436400078259
0.25 7500 0.432135762212
0.26 7800 0.43107393276
0.27 8100 0.440200892857
0.28 8400 0.427379156833
0.29 8700 0.438125679012
0.3 9000 0.408421764663
0.31 9300 0.436777447483
0.32 9600 0.433658035277
0.33 9900 0.411070852535
0.34 10200 0.414071111111
0.35 10497 0.422702145058
0.36 10797 0.436887248538
0.37 11097 0.428302667411
0.38 11397 0.433244535154
0.39 11697 0.428910138249
0.4 12000 0.435619715622
0.41 12300 0.43005013269
0.42 12600 0.432350500402
0.43 12900 0.421119798335
0.44 13200 0.437698387638
0.45 13500 0.442648549931
0.46 13800 0.433177170036
0.47 14100 0.43908916831
0.48 14400 0.421902777778
0.49 14700 0.432079138162
0.5 15000 0.421769795918
0.51 15300 0.429891434051
0.52 15600 0.427776400367
0.53 15900 0.429210637912
0.54 16200 0.43193291415
0.55 16500 0.414224852071
0.56 16800 0.429364542212
0.57 17097 0.441915709343
0.58 17400 0.440050140533
0.59 17700 0.430763099733
0.6 18000 0.432569478908
0.61 18300 0.439379812695
0.62 18600 0.427187381853
0.63 18900 0.434893719008
0.64 19200 0.431159539474
0.65 19500 0.422687576773
0.66 19800 0.441946390533
0.67 20100 0.40852892562
0.68 20400 0.427051789792
0.69 20697 0.431334577446
0.7 20997 0.433851428571
0.71 21297 0.417398711469
0.72 21597 0.4255
0.73 21897 0.432740790533
0.74 22197 0.43429160503
0.75 22497 0.436683370987
0.76 22797 0.443621040963
0.77 23097 0.429161825397
0.78 23397 0.439013671875
0.79 23700 0.429773877551
0.8 24000 0.422111141075
0.81 24300 0.418360547763
0.82 24600 0.431246105362
0.83 24900 0.438085790635
0.84 25200 0.418066014815
0.85 25500 0.429646105362
0.86 25800 0.430890382506
0.87 26100 0.413815789474
0.88 26400 0.440347210208
0.89 26700 0.435077190083
0.9 27000 0.431229934138
0.91 27300 0.436312621943
0.92 27600 0.408544482257
0.93 27900 0.42457721649
0.94 28200 0.441869045554
0.95 28500 0.437728174308
0.96 28800 0.423410444234
0.97 29100 0.434910590278
0.98 29400 0.422892826235
0.99 29700 0.436634259259
1.0 30000 0.42553906561
