0.0 0 0.428118614866
0.01 300 0.43000537015
0.02 600 0.417974881318
0.03 900 0.411420123967
0.04 1200 0.441162376931
0.05 1500 0.441204444444
0.06 1800 0.437420191696
0.07 2100 0.413614542857
0.08 2400 0.428567695295
0.09 2700 0.421831129808
0.1 3000 0.42232110329
0.11 3300 0.431219448384
0.12 3600 0.418782283058
0.13 3900 0.405705188579
0.14 4200 0.438036878252
0.15 4500 0.430230695983
0.16 4800 0.440947712431
0.17 5100 0.3971423701
0.18 5400 0.431492315145
0.19 5700 0.402218569654
0.2 6000 0.43513600653
0.21 6300 0.421346064815
0.22 6600 0.42963705679
0.23 6900 0.43404240358
0.24 7200 0.435151461089
0.25 7500 0.439719040575
0.26 7800 0.430764305886
0.27 8100 0.428121244444
0.28 8400 0.439643921255
0.29 8700 0.42382751201
0.3 9000 0.427671535566
0.31 9300 0.409881183432
0.32 9600 0.436491783601
0.33 9900 0.427311588995
0.34 10200 0.435822421875
0.35 10500 0.417148059375
0.36 10800 0.411683053135
0.37 11100 0.426745395179
0.38 11400 0.438361322314
0.39 11700 0.407
0.4 12000 0.434610368528
0.41 12300 0.431237542178
0.42 12600 0.437808183183
0.43 12900 0.433850694444
0.44 13200 0.430071697274
0.45 13500 0.426427201071
0.46 13800 0.44170661157
0.47 14100 0.436569795918
0.48 14400 0.410842190083
0.49 14700 0.431473068637
0.5 15000 0.443783203125
0.51 15300 0.438841006991
0.52 15600 0.436070123457
0.53 15900 0.429185838643
0.54 16200 0.440054482098
0.55 16500 0.4403
0.56 16800 0.435263888889
0.57 17097 0.435747576778
0.58 17400 0.416578281888
0.59 17700 0.441444064865
0.6 18000 0.442627742067
0.61 18300 0.425149264515
0.62 18600 0.430817037037
0.63 18900 0.437608370987
0.64 19200 0.433119721701
0.65 19500 0.427070701606
0.66 19800 0.41842375
0.67 20100 0.435106056198
0.68 20400 0.425341880342
0.69 20697 0.434712855561
0.7 21000 0.41675875
0.71 21300 0.416580281633
0.72 21600 0.420174276923
0.73 21900 0.443388434368
0.74 22200 0.441054922314
0.75 22500 0.420617734375
0.76 22800 0.42539085
0.77 23100 0.425038386777
0.78 23400 0.438698061684
0.79 23700 0.428999418654
0.8 24000 0.439379812695
0.81 24300 0.414389277551
0.82 24600 0.429318515625
0.83 24900 0.44015916955
0.84 25200 0.435757138034
0.85 25500 0.426259639793
0.86 25800 0.427038823437
0.87 26100 0.41019125
0.88 26400 0.437800013376
0.89 26700 0.433310586735
0.9 27000 0.428031368307
0.91 27300 0.433018515625
0.92 27600 0.428076968738
0.93 27900 0.408854085273
0.94 28200 0.42336220716
0.95 28500 0.440356892775
0.96 28800 0.41052990608
0.97 29100 0.437374259259
0.98 29400 0.426210421447
0.99 29700 0.437373928906
1.0 30000 0.42199645544
