0.0 0 0.438967279128
0.01 300 0.417452870114
0.02 600 0.389552914286
0.03 900 0.431191884661
0.04 1200 0.433798141892
0.05 1500 0.43577833701
0.06 1800 0.421393483948
0.07 2100 0.424837499769
0.08 2400 0.428457821755
0.09 2700 0.43138345679
0.1 3000 0.431402209227
0.11 3300 0.427693753125
0.12 3600 0.430289837293
0.13 3900 0.424203171448
0.14 4200 0.426598987768
0.15 4500 0.430243444546
0.16 4800 0.423980968858
0.17 5100 0.439363808264
0.18 5400 0.431122982309
0.19 5700 0.420090287396
0.2 6000 0.399212815188
0.21 6300 0.43831911415
0.22 6600 0.434864197531
0.23 6900 0.430536509695
0.24 7200 0.430393217993
0.25 7500 0.441298101756
0.26 7800 0.42094115557
0.27 8100 0.440101361059
0.28 8400 0.439588526077
0.29 8700 0.442250797633
0.3 9000 0.435308851874
0.31 9300 0.424155709343
0.32 9600 0.427871020408
0.33 9900 0.434055439096
0.34 10200 0.443512735753
0.35 10500 0.437831981883
0.36 10800 0.406243732678
0.37 11100 0.440178918919
0.38 11400 0.416468711111
0.39 11700 0.437811912035
0.4 12000 0.437275607302
0.41 12300 0.412660177778
0.42 12600 0.435795455663
0.43 12900 0.410654693878
0.44 13200 0.442776859504
0.45 13500 0.434190900185
0.46 13800 0.405155601211
0.47 14100 0.439499759866
0.48 14400 0.429095961389
0.49 14700 0.396040661157
0.5 15000 0.427018947368
0.51 15300 0.430782218443
0.52 15600 0.438582407576
0.53 15900 0.421226063155
0.54 16200 0.401210884354
0.55 16500 0.43558442344
0.56 16800 0.409903778215
0.57 17097 0.41204125
0.58 17400 0.418704081633
0.59 17700 0.425753667092
0.6 18000 0.432594836015
0.61 18300 0.436184973545
0.62 18600 0.418450848195
0.63 18900 0.430746126033
0.64 19200 0.434615484505
0.65 19500 0.4255074
0.66 19800 0.427732589792
0.67 20100 0.427839624749
0.68 20400 0.439424548515
0.69 20697 0.436427506378
0.7 21000 0.432372144041
0.71 21300 0.430710742056
0.72 21600 0.425973844813
0.73 21900 0.4393824
0.74 22200 0.408101304236
0.75 22500 0.437383785042
0.76 22800 0.440304399524
0.77 23100 0.439671891892
0.78 23400 0.431465679012
0.79 23700 0.431170337021
0.8 24000 0.436133547009
0.81 24300 0.428795106118
0.82 24600 0.432763640777
0.83 24900 0.4329592
0.84 25200 0.435494614512
0.85 25500 0.430200787458
0.86 25800 0.425356111111
0.87 26100 0.408027777778
0.88 26400 0.430529197633
0.89 26700 0.430442132382
0.9 27000 0.439057179216
0.91 27300 0.432940705677
0.92 27600 0.437192033976
0.93 27900 0.439797857143
0.94 28200 0.414361743827
0.95 28500 0.435513806315
0.96 28800 0.434441157025
0.97 29100 0.42069755102
0.98 29400 0.431703797055
0.99 29700 0.425433515625
1.0 30000 0.430459319181
