0.0 0 0.0
0.01 0 0.103126873127
0.02 0 0.113094339623
0.03 0 0.116793828452
0.04 0 0.117166666667
0.05 0 0.1184
0.06 0 0.119591458635
0.07 0 0.119915362611
0.08 0 0.119972926267
0.09 0 0.12042739726
0.1 0 0.121316730263
0.11 0 0.120820314881
0.12 0 0.121340227715
0.13 0 0.121552319293
0.14 0 0.121787739736
0.15 0 0.121538861469
0.16 0 0.12207424594
0.17 0 0.122059894606
0.18 0 0.121712582688
0.19 0 0.121837184404
0.2 0 0.122402274594
0.21 0 0.12159258777
0.22 0 0.121671358535
0.23 0 0.121678262675
0.24 0 0.121748140006
0.25 0 0.122144617957
0.26 0 0.122102656755
0.27 0 0.122571137521
0.28 0 0.122164030353
0.29 0 0.122126234777
0.3 0 0.122801003303
0.31 0 0.122720101788
0.32 0 0.123025739651
0.33 0 0.122733856825
0.34 0 0.122931665149
0.35 0 0.122594111662
0.36 0 0.122996460611
0.37 0 0.122902240419
0.38 0 0.122973976122
0.39 0 0.123396795896
0.4 0 0.123260323914
0.41 0 0.122785564168
0.42 0 0.123367653112
0.43 0 0.123204188482
0.44 0 0.123207200923
0.45 0 0.123278640414
0.46 0 0.123380386854
0.47 0 0.123166203848
0.48 0 0.123555854779
0.49 0 0.123645668669
0.5 0 0.12424623144
0.51 0 0.123846248062
0.52 0 0.123701787329
0.53 0 0.123885374315
0.54 0 0.123831903356
0.55 0 0.124106140595
0.56 0 0.124538112775
0.57 0 0.124242545772
0.58 0 0.12418545305
0.59 0 0.124277002701
0.6 0 0.12469225216
0.61 0 0.124255976078
0.62 0 0.124506263382
0.63 0 0.124513374262
0.64 0 0.124554822085
0.65 0 0.124402818337
0.66 0 0.125030819465
0.67 0 0.124545833386
0.68 0 0.125306233538
0.69 0 0.124760934285
0.7 0 0.124875916788
0.71 0 0.124964200124
0.72 0 0.124887141646
0.73 0 0.125352465614
0.74 0 0.125152836115
0.75 0 0.125562665604
0.76 0 0.12532334054
0.77 0 0.125720561519
0.78 0 0.125637866914
0.79 0 0.125436739576
0.8 0 0.125648606803
0.81 0 0.125806732816
0.82 0 0.125993550065
0.83 0 0.125592954132
0.84 0 0.125746205148
0.85 0 0.12592438109
0.86 0 0.125837354209
0.87 0 0.126186439789
0.88 0 0.125797303332
0.89 0 0.126129384448
0.9 0 0.126115908583
0.91 0 0.126571414104
0.92 0 0.126438169629
0.93 0 0.126438452776
0.94 0 0.126619520148
0.95 0 0.126405017573
0.96 0 0.126658223357
0.97 0 0.126714797088
0.98 0 0.126629660779
0.99 0 0.126955871319
1.0 0 0.126911570898
