0.0 0 0.0
0.01 0 0.214071428571
0.02 0 0.218172413793
0.03 0 0.2198945299
0.04 0 0.220118644068
0.05 0 0.220998868778
0.06 0 0.222
0.07 0 0.222537675231
0.08 0 0.222626234133
0.09 0 0.223115583158
0.1 0 0.223002261158
0.11 0 0.221885919836
0.12 0 0.222
0.13 0 0.221903729402
0.14 0 0.222897477924
0.15 0 0.223257109958
0.16 0 0.223019678205
0.17 0 0.222884462151
0.18 0 0.223817654922
0.19 0 0.223321830731
0.2 0 0.223190004692
0.21 0 0.223621761781
0.22 0 0.223545615041
0.23 0 0.222873211636
0.24 0 0.223467177503
0.25 0 0.223458111599
0.26 0 0.224180757245
0.27 0 0.224192724886
0.28 0 0.224294455166
0.29 0 0.223514401102
0.3 0 0.224563319087
0.31 0 0.223911907954
0.32 0 0.224207414637
0.33 0 0.223946688402
0.34 0 0.224299590535
0.35 0 0.224742522757
0.36 0 0.224842380482
0.37 0 0.224971188383
0.38 0 0.225262275449
0.39 0 0.22484903657
0.4 0 0.224839038089
0.41 0 0.225119911777
0.42 0 0.224677372068
0.43 0 0.224940791967
0.44 0 0.224901327076
0.45 0 0.225433801861
0.46 0 0.225190174213
0.47 0 0.225365944697
0.48 0 0.225535319925
0.49 0 0.225461118767
0.5 0 0.225904522613
0.51 0 0.225909661639
0.52 0 0.225956479397
0.53 0 0.225953895839
0.54 0 0.225758298709
0.55 0 0.225570635121
0.56 0 0.2262889843
0.57 0 0.226029998071
0.58 0 0.226047609302
0.59 0 0.225998837885
0.6 0 0.226426041629
0.61 0 0.226848812411
0.62 0 0.226077667399
0.63 0 0.226773063662
0.64 0 0.226898932778
0.65 0 0.226741164956
0.66 0 0.227199694781
0.67 0 0.227470503734
0.68 0 0.227483440324
0.69 0 0.227155057753
0.7 0 0.227153475403
0.71 0 0.227234673572
0.72 0 0.227303145396
0.73 0 0.22755118653
0.74 0 0.227384993409
0.75 0 0.227974214287
0.76 0 0.227616552349
0.77 0 0.227184464148
0.78 0 0.22771921099
0.79 0 0.227777591882
0.8 0 0.228590307622
0.81 0 0.227985516502
0.82 0 0.227789188483
0.83 0 0.228446209589
0.84 0 0.228493031205
0.85 0 0.228087296672
0.86 0 0.228105450845
0.87 0 0.228532497098
0.88 0 0.228530273146
0.89 0 0.228246724573
0.9 0 0.229071096286
0.91 0 0.228393646843
0.92 0 0.229005109189
0.93 0 0.229628723115
0.94 0 0.228947771419
0.95 0 0.228830178156
0.96 0 0.22900422925
0.97 0 0.228874407634
0.98 0 0.229301953209
0.99 0 0.229198374932
1.0 0 0.22988231869
