0.0 0 0.0
0.01 0 0.300774193548
0.02 0 0.307386778116
0.03 0 0.308463157895
0.04 0 0.308593737793
0.05 0 0.308669403766
0.06 0 0.309256587544
0.07 0 0.306698147655
0.08 0 0.307586305147
0.09 0 0.308098323171
0.1 0 0.307864737253
0.11 0 0.308111912485
0.12 0 0.308987900788
0.13 0 0.308614695276
0.14 0 0.307498884758
0.15 0 0.308239650324
0.16 0 0.308186434798
0.17 0 0.308325780772
0.18 0 0.308897613702
0.19 0 0.30839408867
0.2 0 0.308985181058
0.21 0 0.308912770765
0.22 0 0.308184545282
0.23 0 0.308918102661
0.24 0 0.309866152438
0.25 0 0.309568557451
0.26 0 0.309606229871
0.27 0 0.309583072088
0.28 0 0.309622852875
0.29 0 0.30904332542
0.3 0 0.309417171491
0.31 0 0.309350387075
0.32 0 0.309843819299
0.33 0 0.30991456097
0.34 0 0.30941562902
0.35 0 0.309911049159
0.36 0 0.310516373483
0.37 0 0.309903396682
0.38 0 0.309835953544
0.39 0 0.309564910609
0.4 0 0.310115685734
0.41 0 0.310250036984
0.42 0 0.310606234414
0.43 0 0.310265101598
0.44 0 0.310568610176
0.45 0 0.310531477199
0.46 0 0.310673974331
0.47 0 0.310533204701
0.48 0 0.310402925936
0.49 0 0.311071167377
0.5 0 0.311126470588
0.51 0 0.311371364
0.52 0 0.311073109949
0.53 0 0.310602669696
0.54 0 0.311296206823
0.55 0 0.311705071855
0.56 0 0.311742031268
0.57 0 0.311377788325
0.58 0 0.311842601288
0.59 0 0.311876069166
0.6 0 0.311881994708
0.61 0 0.311569160681
0.62 0 0.31245356145
0.63 0 0.311459685349
0.64 0 0.312367335746
0.65 0 0.312240423216
0.66 0 0.312687007668
0.67 0 0.312678793714
0.68 0 0.312192381287
0.69 0 0.312073476761
0.7 0 0.312498013705
0.71 0 0.312841708912
0.72 0 0.312580425252
0.73 0 0.312620098892
0.74 0 0.312614186291
0.75 0 0.312393636123
0.76 0 0.31312876303
0.77 0 0.313073448248
0.78 0 0.313189048445
0.79 0 0.31340680043
0.8 0 0.313432479275
0.81 0 0.313192484748
0.82 0 0.313206460383
0.83 0 0.313791534204
0.84 0 0.313318163909
0.85 0 0.313733604069
0.86 0 0.313811726367
0.87 0 0.313373728145
0.88 0 0.314365351501
0.89 0 0.313873033171
0.9 0 0.314205063715
0.91 0 0.313543771377
0.92 0 0.314450370904
0.93 0 0.314264013188
0.94 0 0.314613776405
0.95 0 0.314260096622
0.96 0 0.314810928219
0.97 0 0.314370689423
0.98 0 0.314297195672
0.99 0 0.31434266402
1.0 0 0.314737488117
