0.0 0 0.0
0.01 0 0.383454545455
0.02 0 0.381970588235
0.03 0 0.382733766234
0.04 0 0.381260869565
0.05 0 0.381858565982
0.06 0 0.379652173913
0.07 0 0.381889196676
0.08 0 0.38218401937
0.09 0 0.381797211453
0.1 0 0.381488910318
0.11 0 0.381325718131
0.12 0 0.381107506384
0.13 0 0.381490552322
0.14 0 0.381687622711
0.15 0 0.38173435921
0.16 0 0.381376054118
0.17 0 0.381870430727
0.18 0 0.381797101449
0.19 0 0.381926170141
0.2 0 0.381673293037
0.21 0 0.381754871942
0.22 0 0.38186760594
0.23 0 0.382453280638
0.24 0 0.381911468813
0.25 0 0.38281904417
0.26 0 0.381490394395
0.27 0 0.382071146303
0.28 0 0.382676680268
0.29 0 0.38266670927
0.3 0 0.382472803523
0.31 0 0.382383427844
0.32 0 0.382673059953
0.33 0 0.383057677587
0.34 0 0.382601800318
0.35 0 0.382595744681
0.36 0 0.382618639836
0.37 0 0.382912953283
0.38 0 0.382704247915
0.39 0 0.382601493684
0.4 0 0.382133984672
0.41 0 0.38297788898
0.42 0 0.383229238488
0.43 0 0.383728784348
0.44 0 0.383824071155
0.45 0 0.382883790792
0.46 0 0.383461650723
0.47 0 0.383045015572
0.48 0 0.383338417488
0.49 0 0.384383423201
0.5 0 0.383374361581
0.51 0 0.383594991539
0.52 0 0.383893597476
0.53 0 0.383443468716
0.54 0 0.38411330227
0.55 0 0.38411553073
0.56 0 0.383771312296
0.57 0 0.383812000232
0.58 0 0.384688521004
0.59 0 0.383763456293
0.6 0 0.383988354854
0.61 0 0.384868849535
0.62 0 0.384196234977
0.63 0 0.384225120271
0.64 0 0.385248649034
0.65 0 0.384426622541
0.66 0 0.384214148598
0.67 0 0.384520787117
0.68 0 0.384461975353
0.69 0 0.384566711391
0.7 0 0.385043190121
0.71 0 0.384810404249
0.72 0 0.384646385611
0.73 0 0.384922353906
0.74 0 0.38483750964
0.75 0 0.38520370176
0.76 0 0.385018152975
0.77 0 0.384730885777
0.78 0 0.384916676218
0.79 0 0.385192247375
0.8 0 0.385439191401
0.81 0 0.385840602751
0.82 0 0.385812498025
0.83 0 0.38581583256
0.84 0 0.385908898206
0.85 0 0.386221385776
0.86 0 0.386307240626
0.87 0 0.386037198384
0.88 0 0.385930708686
0.89 0 0.386144911472
0.9 0 0.386101938415
0.91 0 0.386122205723
0.92 0 0.386114652317
0.93 0 0.386987844893
0.94 0 0.385933760046
0.95 0 0.386034859192
0.96 0 0.386486864571
0.97 0 0.386534500028
0.98 0 0.3867226344
0.99 0 0.387060090797
1.0 0 0.386785354425
