0.0 0 0.0
0.01 0 0.444
0.02 0 0.44704109589
0.03 0 0.444
0.04 0 0.4455
0.05 0 0.445610520398
0.06 0 0.444333834586
0.07 0 0.444857142857
0.08 0 0.444249438202
0.09 0 0.444445336008
0.1 0 0.445000901713
0.11 0 0.444544859639
0.12 0 0.444832083958
0.13 0 0.444924519231
0.14 0 0.444714101975
0.15 0 0.444799640288
0.16 0 0.444748875773
0.17 0 0.444941675504
0.18 0 0.444555
0.19 0 0.445580096255
0.2 0 0.445399888006
0.21 0 0.445143613553
0.22 0 0.445365988697
0.23 0 0.445566154677
0.24 0 0.445416541988
0.25 0 0.445361240815
0.26 0 0.445694375943
0.27 0 0.445333779559
0.28 0 0.445285658215
0.29 0 0.445657500283
0.3 0 0.445400640965
0.31 0 0.445290144515
0.32 0 0.445437518274
0.33 0 0.445700121942
0.34 0 0.446299601594
0.35 0 0.445658276438
0.36 0 0.445778953589
0.37 0 0.446004567017
0.38 0 0.445210439128
0.39 0 0.4463641685
0.4 0 0.445651015707
0.41 0 0.446053034755
0.42 0 0.44662701901
0.43 0 0.445769002703
0.44 0 0.446230945758
0.45 0 0.446003771573
0.46 0 0.445871986808
0.47 0 0.446046681289
0.48 0 0.445625492958
0.49 0 0.446332414369
0.5 0 0.446769111867
0.51 0 0.44604222716
0.52 0 0.447204643473
0.53 0 0.44668793932
0.54 0 0.446264233186
0.55 0 0.446845527717
0.56 0 0.446613686326
0.57 0 0.446818172076
0.58 0 0.446454473011
0.59 0 0.446788270161
0.6 0 0.446741071143
0.61 0 0.446432538496
0.62 0 0.446717971141
0.63 0 0.446834902072
0.64 0 0.447515917636
0.65 0 0.447151782304
0.66 0 0.447562971385
0.67 0 0.447146387945
0.68 0 0.446742933354
0.69 0 0.447143518467
0.7 0 0.447415652148
0.71 0 0.447281791845
0.72 0 0.446786245225
0.73 0 0.446970585484
0.74 0 0.447120270673
0.75 0 0.447698718635
0.76 0 0.447409285714
0.77 0 0.447653486598
0.78 0 0.447477880604
0.79 0 0.448203121711
0.8 0 0.448352765055
0.81 0 0.447846847408
0.82 0 0.447949939196
0.83 0 0.447901125823
0.84 0 0.448095479358
0.85 0 0.447808075491
0.86 0 0.448070818843
0.87 0 0.44788345287
0.88 0 0.447999855287
0.89 0 0.44845585153
0.9 0 0.448204490011
0.91 0 0.448157012125
0.92 0 0.448331734529
0.93 0 0.448743580117
0.94 0 0.448369386602
0.95 0 0.448729335677
0.96 0 0.448234260981
0.97 0 0.448776698095
0.98 0 0.449082460468
0.99 0 0.44905078767
1.0 0 0.448327381338
