0.0 0 0.0
0.01 0 0.508263157895
0.02 0 0.503769230769
0.03 0 0.502322033898
0.04 0 0.500560509554
0.05 0 0.500769199002
0.06 0 0.500202531646
0.07 0 0.4995
0.08 0 0.499763727561
0.09 0 0.4995
0.1 0 0.4995
0.11 0 0.500651806303
0.12 0 0.500202531646
0.13 0 0.500310140214
0.14 0 0.500555433471
0.15 0 0.500484137591
0.16 0 0.500158137495
0.17 0 0.499996151073
0.18 0 0.500202641588
0.19 0 0.500054162625
0.2 0 0.500447840083
0.21 0 0.50060488652
0.22 0 0.500170231143
0.23 0 0.500507627322
0.24 0 0.500642633837
0.25 0 0.500258492391
0.26 0 0.500634911552
0.27 0 0.500435977514
0.28 0 0.500478685069
0.29 0 0.500153774921
0.3 0 0.500342366674
0.31 0 0.500724746827
0.32 0 0.500487883171
0.33 0 0.500905733581
0.34 0 0.500554197659
0.35 0 0.500463617615
0.36 0 0.500729581373
0.37 0 0.500810185198
0.38 0 0.501167002893
0.39 0 0.500418350498
0.4 0 0.50092352869
0.41 0 0.50099240654
0.42 0 0.500704602215
0.43 0 0.500971156168
0.44 0 0.500554073294
0.45 0 0.500906003752
0.46 0 0.500645533338
0.47 0 0.500890563329
0.48 0 0.500686024548
0.49 0 0.501179391162
0.5 0 0.501060545665
0.51 0 0.501155069583
0.52 0 0.501122859912
0.53 0 0.501331471334
0.54 0 0.501414694456
0.55 0 0.500803388622
0.56 0 0.501573692733
0.57 0 0.50164840432
0.58 0 0.501539159181
0.59 0 0.501503766102
0.6 0 0.502000562625
0.61 0 0.501995075914
0.62 0 0.501714305081
0.63 0 0.50120776982
0.64 0 0.501743539832
0.65 0 0.50138351147
0.66 0 0.501611580157
0.67 0 0.501642766795
0.68 0 0.50220527747
0.69 0 0.50179607103
0.7 0 0.501975047316
0.71 0 0.50262951429
0.72 0 0.501847523787
0.73 0 0.502047618361
0.74 0 0.501582687732
0.75 0 0.50189480479
0.76 0 0.501751002004
0.77 0 0.501693681937
0.78 0 0.501774909742
0.79 0 0.501853127936
0.8 0 0.501611180474
0.81 0 0.502344775389
0.82 0 0.50249230191
0.83 0 0.502122650028
0.84 0 0.501812965573
0.85 0 0.501986064105
0.86 0 0.502352159514
0.87 0 0.502221244539
0.88 0 0.502094075125
0.89 0 0.502422721274
0.9 0 0.502082734531
0.91 0 0.502287497014
0.92 0 0.502211431245
0.93 0 0.502959914634
0.94 0 0.50303592755
0.95 0 0.502170171062
0.96 0 0.502186209741
0.97 0 0.502684307047
0.98 0 0.502587469323
0.99 0 0.502383602184
1.0 0 0.502248004235
