0.0 0 0.0
0.01 0 0.552292682927
0.02 0 0.553662650602
0.03 0 0.548784
0.04 0 0.550347305389
0.05 0 0.549093277311
0.06 0 0.549981382979
0.07 0 0.550388339929
0.08 0 0.549053571429
0.09 0 0.549405835544
0.1 0 0.548657142857
0.11 0 0.549432045572
0.12 0 0.548392857143
0.13 0 0.548901098901
0.14 0 0.549336734694
0.15 0 0.548802367088
0.16 0 0.549462431466
0.17 0 0.548634965035
0.18 0 0.549196585298
0.19 0 0.549043247995
0.2 0 0.549014274385
0.21 0 0.549374432678
0.22 0 0.54873888969
0.23 0 0.549389700668
0.24 0 0.54905363147
0.25 0 0.549553467017
0.26 0 0.548924543938
0.27 0 0.549046301349
0.28 0 0.54941469892
0.29 0 0.549211181925
0.3 0 0.549477058512
0.31 0 0.548881451618
0.32 0 0.549326088414
0.33 0 0.549234052145
0.34 0 0.549211127838
0.35 0 0.549546415659
0.36 0 0.549456048901
0.37 0 0.549370163218
0.38 0 0.54910060729
0.39 0 0.549419590336
0.4 0 0.549068750858
0.41 0 0.549304957667
0.42 0 0.549700298002
0.43 0 0.549569891352
0.44 0 0.549580728237
0.45 0 0.549071390799
0.46 0 0.549389831455
0.47 0 0.549218070609
0.48 0 0.549565663248
0.49 0 0.549721169961
0.5 0 0.549596846746
0.51 0 0.549275149182
0.52 0 0.549301399184
0.53 0 0.549397941748
0.54 0 0.549461039423
0.55 0 0.55003863202
0.56 0 0.54976526764
0.57 0 0.550048797975
0.58 0 0.549409020093
0.59 0 0.549651692325
0.6 0 0.549304767755
0.61 0 0.549817600772
0.62 0 0.549760330187
0.63 0 0.549635689914
0.64 0 0.549710358429
0.65 0 0.54972462641
0.66 0 0.549540108238
0.67 0 0.549906152838
0.68 0 0.549756264648
0.69 0 0.549674611411
0.7 0 0.549679549578
0.71 0 0.549600976898
0.72 0 0.549766884783
0.73 0 0.549591255166
0.74 0 0.549723367206
0.75 0 0.550114108917
0.76 0 0.549912090563
0.77 0 0.550120147274
0.78 0 0.54973473127
0.79 0 0.549849313311
0.8 0 0.55010488677
0.81 0 0.549922647578
0.82 0 0.54989763458
0.83 0 0.549959144224
0.84 0 0.549960316703
0.85 0 0.549814096652
0.86 0 0.550255675644
0.87 0 0.549851351351
0.88 0 0.549959717194
0.89 0 0.55040936013
0.9 0 0.550089605048
0.91 0 0.550408110767
0.92 0 0.55038662646
0.93 0 0.550124439245
0.94 0 0.54985095057
0.95 0 0.550573061653
0.96 0 0.550430641911
0.97 0 0.550162143768
0.98 0 0.550300733547
0.99 0 0.550408834459
1.0 0 0.550323699805
