0.0 0 0.0
0.01 0 0.604046511628
0.02 0 0.597886363636
0.03 0 0.595363636364
0.04 0 0.594508474576
0.05 0 0.594
0.06 0 0.593390977444
0.07 0 0.593189710611
0.08 0 0.592833802817
0.09 0 0.592987180984
0.1 0 0.592665168539
0.11 0 0.59245398773
0.12 0 0.592415730337
0.13 0 0.592256055363
0.14 0 0.592396082024
0.15 0 0.592369390525
0.16 0 0.592242598611
0.17 0 0.592228172301
0.18 0 0.592
0.19 0 0.592116673236
0.2 0 0.592
0.21 0 0.5926603794
0.22 0 0.592730995192
0.23 0 0.592627181605
0.24 0 0.592693338458
0.25 0 0.592487657441
0.26 0 0.592575887793
0.27 0 0.592800999167
0.28 0 0.592633928433
0.29 0 0.59261181715
0.3 0 0.592295455259
0.31 0 0.592590282814
0.32 0 0.592641065708
0.33 0 0.592571432447
0.34 0 0.592293366945
0.35 0 0.592348262397
0.36 0 0.592292515751
0.37 0 0.592164677321
0.38 0 0.592451980924
0.39 0 0.59234110118
0.4 0 0.5924988661
0.41 0 0.592716890575
0.42 0 0.592435452915
0.43 0 0.592683174227
0.44 0 0.592630001703
0.45 0 0.592714516176
0.46 0 0.592518297058
0.47 0 0.592743200142
0.48 0 0.592773784335
0.49 0 0.592452595994
0.5 0 0.592665221746
0.51 0 0.592402114067
0.52 0 0.592436923963
0.53 0 0.592596027093
0.54 0 0.592390062316
0.55 0 0.592503803052
0.56 0 0.592306769834
0.57 0 0.592418034397
0.58 0 0.592448999171
0.59 0 0.592450885403
0.6 0 0.592591224053
0.61 0 0.59266351633
0.62 0 0.592545309444
0.63 0 0.592571770295
0.64 0 0.592779768177
0.65 0 0.592870138577
0.66 0 0.592630049429
0.67 0 0.592686757597
0.68 0 0.592774484962
0.69 0 0.59254627196
0.7 0 0.592665175326
0.71 0 0.592538773624
0.72 0 0.592777773601
0.73 0 0.592584561703
0.74 0 0.59255428058
0.75 0 0.592546820423
0.76 0 0.592744030627
0.77 0 0.592626363756
0.78 0 0.592589731819
0.79 0 0.592477035981
0.8 0 0.592415556541
0.81 0 0.59241037143
0.82 0 0.592872409288
0.83 0 0.592861757655
0.84 0 0.593096403091
0.85 0 0.593109486795
0.86 0 0.592915666537
0.87 0 0.592886026029
0.88 0 0.592825364221
0.89 0 0.592697673511
0.9 0 0.592936617559
0.91 0 0.593072709739
0.92 0 0.592898163308
0.93 0 0.592888447595
0.94 0 0.592837725235
0.95 0 0.592828775673
0.96 0 0.593074607033
0.97 0 0.592817427789
0.98 0 0.592786417928
0.99 0 0.592896294086
1.0 0 0.592798394969
