0.0 0 0.0
0.01 0 0.637043478261
0.02 0 0.63735483871
0.03 0 0.6327
0.04 0 0.633946524064
0.05 0 0.631846153846
0.06 0 0.632818505338
0.07 0 0.631481707317
0.08 0 0.632256
0.09 0 0.631361702128
0.1 0 0.631918976546
0.11 0 0.631218568665
0.12 0 0.631694493783
0.13 0 0.631119476268
0.14 0 0.631534246575
0.15 0 0.631046808511
0.16 0 0.631414114514
0.17 0 0.630991239049
0.18 0 0.631361702128
0.19 0 0.630947368421
0.2 0 0.631282978723
0.21 0 0.631551724138
0.22 0 0.631218568665
0.23 0 0.631564145312
0.24 0 0.631164893617
0.25 0 0.631395229983
0.26 0 0.631119476268
0.27 0 0.631361702128
0.28 0 0.631160491443
0.29 0 0.631539092019
0.3 0 0.631046808511
0.31 0 0.631476836281
0.32 0 0.631087229296
0.33 0 0.63128641245
0.34 0 0.631188794227
0.35 0 0.631245725399
0.36 0 0.631050906973
0.37 0 0.631391010752
0.38 0 0.631084701493
0.39 0 0.631176871637
0.4 0 0.630947368421
0.41 0 0.631147483314
0.42 0 0.631302546087
0.43 0 0.631329102556
0.44 0 0.631218568665
0.45 0 0.631162754057
0.46 0 0.631190564292
0.47 0 0.631137728164
0.48 0 0.63130481391
0.49 0 0.6310234375
0.5 0 0.631186044739
0.51 0 0.631137437878
0.52 0 0.631162520838
0.53 0 0.630989566613
0.54 0 0.63123734761
0.55 0 0.63117787639
0.56 0 0.631253681112
0.57 0 0.631038935191
0.58 0 0.63123023318
0.59 0 0.631136969645
0.6 0 0.631171071163
0.61 0 0.631228613186
0.62 0 0.631187930023
0.63 0 0.631361734133
0.64 0 0.631098825615
0.65 0 0.631371941187
0.66 0 0.631218575954
0.67 0 0.631214494397
0.68 0 0.631067994349
0.69 0 0.631228392549
0.7 0 0.631213753878
0.71 0 0.631241473881
0.72 0 0.631113042747
0.73 0 0.631161884048
0.74 0 0.631068258381
0.75 0 0.631116390249
0.76 0 0.631173030974
0.77 0 0.631160434703
0.78 0 0.631157675955
0.79 0 0.631145621779
0.8 0 0.631087173824
0.81 0 0.631168279908
0.82 0 0.631265697976
0.83 0 0.631127036443
0.84 0 0.631275899855
0.85 0 0.631219391219
0.86 0 0.631233552042
0.87 0 0.631204515917
0.88 0 0.631193142963
0.89 0 0.63116520038
0.9 0 0.631113040545
0.91 0 0.63115221976
0.92 0 0.631198616466
0.93 0 0.63123607739
0.94 0 0.631375839433
0.95 0 0.631057246593
0.96 0 0.631265867373
0.97 0 0.631162628324
0.98 0 0.631228916489
0.99 0 0.631248655354
1.0 0 0.631215828897
