0.0 0 0.0
0.01 0 0.16128466483
0.02 0 0.159894571799
0.03 0 0.159442831558
0.04 0 0.159686100647
0.05 0 0.159435247513
0.06 0 0.157924050677
0.07 0 0.159541668713
0.08 0 0.159259655272
0.09 0 0.159552851982
0.1 0 0.159658653137
0.11 0 0.158807604053
0.12 0 0.158889135488
0.13 0 0.159339616213
0.14 0 0.159517194322
0.15 0 0.159961851837
0.16 0 0.159579085513
0.17 0 0.159433586486
0.18 0 0.159454216403
0.19 0 0.159322039089
0.2 0 0.159927447215
0.21 0 0.159824705515
0.22 0 0.160020814171
0.23 0 0.159798708527
0.24 0 0.160432883552
0.25 0 0.159741279012
0.26 0 0.16040763899
0.27 0 0.160055503761
0.28 0 0.160317326372
0.29 0 0.160464281695
0.3 0 0.160451951119
0.31 0 0.160019031471
0.32 0 0.160610468321
0.33 0 0.160647641349
0.34 0 0.160107541005
0.35 0 0.161123756442
0.36 0 0.160441845098
0.37 0 0.160661455938
0.38 0 0.160796051539
0.39 0 0.161640988898
0.4 0 0.161425366347
0.41 0 0.160968239595
0.42 0 0.161444214518
0.43 0 0.160514711597
0.44 0 0.161590044905
0.45 0 0.161166838943
0.46 0 0.161292470543
0.47 0 0.161432506735
0.48 0 0.161485932911
0.49 0 0.161846175027
0.5 0 0.161481343388
0.51 0 0.161666624627
0.52 0 0.162392444389
0.53 0 0.162180726467
0.54 0 0.16169591694
0.55 0 0.161822162055
0.56 0 0.162435625169
0.57 0 0.162134443886
0.58 0 0.162263715521
0.59 0 0.162425171665
0.6 0 0.162046474936
0.61 0 0.161913150189
0.62 0 0.162493689155
0.63 0 0.16251963175
0.64 0 0.162538069177
0.65 0 0.16233178894
0.66 0 0.162605812314
0.67 0 0.163159101653
0.68 0 0.163009577587
0.69 0 0.162917723482
0.7 0 0.163278746966
0.71 0 0.16288546404
0.72 0 0.163210326408
0.73 0 0.16266294063
0.74 0 0.163366046713
0.75 0 0.163877542897
0.76 0 0.163528318834
0.77 0 0.163530725884
0.78 0 0.163251457889
0.79 0 0.163355282284
0.8 0 0.163592998513
0.81 0 0.163444852633
0.82 0 0.163763902968
0.83 0 0.162840675701
0.84 0 0.163861768566
0.85 0 0.163422605064
0.86 0 0.163513439995
0.87 0 0.163363164159
0.88 0 0.163672907764
0.89 0 0.164439210047
0.9 0 0.164621657083
0.91 0 0.164557334808
0.92 0 0.164832208623
0.93 0 0.164031744122
0.94 0 0.164167350517
0.95 0 0.164608407028
0.96 0 0.164624260555
0.97 0 0.16428055415
0.98 0 0.163796697528
0.99 0 0.164352601502
1.0 0 0.164707144267
