0.0 0 0.443910314606
0.01 300 0.437263049413
0.02 600 0.430768755161
0.03 900 0.42436938702
0.04 1200 0.418146220416
0.05 1500 0.411970401152
0.06 1800 0.406022517655
0.07 2100 0.400048175298
0.08 2400 0.394291970003
0.09 2700 0.388565938481
0.1 3000 0.382917366957
0.11 3300 0.377562872476
0.12 3600 0.372089083635
0.13 3900 0.366827175005
0.14 4200 0.36167604969
0.15 4500 0.356537574304
0.16 4800 0.351521395499
0.17 5100 0.346584056882
0.18 5400 0.341778889661
0.19 5700 0.336999427586
0.2 6000 0.332346592389
0.21 6300 0.327655632991
0.22 6600 0.323209475093
0.23 6900 0.318715931258
0.24 7200 0.314324869748
0.25 7500 0.309997089358
0.26 7800 0.305823564638
0.27 8100 0.3015627281
0.28 8400 0.297599918686
0.29 8700 0.293391092181
0.3 9000 0.289557811303
0.31 9300 0.285503146509
0.32 9600 0.281651803596
0.33 9900 0.277935353325
0.34 10200 0.274123177239
0.35 10500 0.270497501419
0.36 10800 0.266888643135
0.37 11100 0.26316531101
0.38 11400 0.259650918041
0.39 11700 0.256185338883
0.4 12000 0.252735928653
0.41 12300 0.249332328255
0.42 12600 0.246142614125
0.43 12900 0.242781778213
0.44 13200 0.239485281695
0.45 13500 0.236330437959
0.46 13800 0.233208834394
0.47 14100 0.229984129712
0.48 14400 0.226952876246
0.49 14700 0.223931560225
0.5 15000 0.220945409602
0.51 15300 0.217960349234
0.52 15600 0.215116925553
0.53 15900 0.212265976661
0.54 16200 0.209307386878
0.55 16500 0.206698923831
0.56 16800 0.203824654021
0.57 17094 0.201164211192
0.58 17400 0.19840290683
0.59 17700 0.19574232996
0.6 18000 0.193173972542
0.61 18300 0.190585068911
0.62 18600 0.188044255741
0.63 18900 0.185502860171
0.64 19200 0.183041142667
0.65 19500 0.180576384839
0.66 19800 0.178088743207
0.67 20100 0.175647388275
0.68 20400 0.173290027389
0.69 20694 0.170966625761
0.7 21000 0.168565181155
0.71 21300 0.166368568935
0.72 21600 0.164109336948
0.73 21900 0.161855678286
0.74 22200 0.159606587497
0.75 22500 0.157468897227
0.76 22800 0.15526729395
0.77 23100 0.153192513343
0.78 23400 0.151062531863
0.79 23700 0.148925526902
0.8 24000 0.146877750072
0.81 24300 0.144768431239
0.82 24600 0.142791990323
0.83 24900 0.140788836454
0.84 25200 0.138833139159
0.85 25500 0.136810605906
0.86 25800 0.134940008547
0.87 26100 0.133075421795
0.88 26400 0.131119727127
0.89 26700 0.129338263031
0.9 27000 0.127374071464
0.91 27300 0.125544880376
0.92 27600 0.123733317137
0.93 27900 0.121925290013
0.94 28200 0.12016456789
0.95 28500 0.118434425145
0.96 28800 0.116678571647
0.97 29100 0.114941810961
0.98 29400 0.113220638357
0.99 29700 0.111566217634
1.0 30000 0.109829493505
