0.0 0 0.0
0.01 0 -0.14801710429
0.02 0 -0.137085395158
0.03 0 -0.133366572266
0.04 0 -0.132628338263
0.05 0 -0.131351961451
0.06 0 -0.130041517578
0.07 0 -0.129679029455
0.08 0 -0.129454823421
0.09 0 -0.129164741875
0.1 0 -0.129175015698
0.11 0 -0.128964978979
0.12 0 -0.128281475424
0.13 0 -0.128094699944
0.14 0 -0.128494237973
0.15 0 -0.128236837247
0.16 0 -0.128217739095
0.17 0 -0.127459819376
0.18 0 -0.127601147158
0.19 0 -0.127667447905
0.2 0 -0.127727735371
0.21 0 -0.127982210798
0.22 0 -0.127719623566
0.23 0 -0.128493236032
0.24 0 -0.127746243393
0.25 0 -0.128078179883
0.26 0 -0.12800575418
0.27 0 -0.127697449428
0.28 0 -0.127745213429
0.29 0 -0.127321758161
0.3 0 -0.127149386074
0.31 0 -0.127013953477
0.32 0 -0.126714400084
0.33 0 -0.127363026311
0.34 0 -0.127167789101
0.35 0 -0.126991727109
0.36 0 -0.126920092346
0.37 0 -0.12653014692
0.38 0 -0.126282625765
0.39 0 -0.126440324954
0.4 0 -0.126566200934
0.41 0 -0.127131208245
0.42 0 -0.126627030527
0.43 0 -0.126687843134
0.44 0 -0.126711924824
0.45 0 -0.126166185247
0.46 0 -0.1265014829
0.47 0 -0.126108821827
0.48 0 -0.126282635703
0.49 0 -0.126175316243
0.5 0 -0.126254764527
0.51 0 -0.126052379171
0.52 0 -0.125755658404
0.53 0 -0.125560733523
0.54 0 -0.125876114588
0.55 0 -0.125460067229
0.56 0 -0.125443300269
0.57 0 -0.125417499445
0.58 0 -0.125390177541
0.59 0 -0.125490523536
0.6 0 -0.124882704847
0.61 0 -0.125484410104
0.62 0 -0.125395845072
0.63 0 -0.125032681398
0.64 0 -0.125199514672
0.65 0 -0.125172890862
0.66 0 -0.124957999835
0.67 0 -0.125386169743
0.68 0 -0.124795736161
0.69 0 -0.125021055529
0.7 0 -0.12480927097
0.71 0 -0.124820915771
0.72 0 -0.12454257855
0.73 0 -0.124855348642
0.74 0 -0.124137543292
0.75 0 -0.124456386499
0.76 0 -0.124075455085
0.77 0 -0.124268519349
0.78 0 -0.124005791042
0.79 0 -0.123951609228
0.8 0 -0.1241367002
0.81 0 -0.123882718593
0.82 0 -0.123848234987
0.83 0 -0.12406433403
0.84 0 -0.123867975262
0.85 0 -0.12342635018
0.86 0 -0.123746796424
0.87 0 -0.123766423159
0.88 0 -0.123975552568
0.89 0 -0.123591325598
0.9 0 -0.123600641195
0.91 0 -0.123227136263
0.92 0 -0.123610510789
0.93 0 -0.123281946897
0.94 0 -0.123330437704
0.95 0 -0.122887552549
0.96 0 -0.123337900703
0.97 0 -0.123049836003
0.98 0 -0.122814502118
0.99 0 -0.123120309516
1.0 0 -0.122872326581
