0.0 0 0.0
0.01 0 -0.0365457589286
0.02 0 -0.0306605096973
0.03 0 -0.0299894278439
0.04 0 -0.0293226278474
0.05 0 -0.0290864743597
0.06 0 -0.0275944688498
0.07 0 -0.0275863301496
0.08 0 -0.0273728154011
0.09 0 -0.0265169663594
0.1 0 -0.0264394659109
0.11 0 -0.0277600231243
0.12 0 -0.0276295837481
0.13 0 -0.0277899482322
0.14 0 -0.0276444339796
0.15 0 -0.0271879738673
0.16 0 -0.0272053163172
0.17 0 -0.0266848534057
0.18 0 -0.0271046219005
0.19 0 -0.0261647584975
0.2 0 -0.0264425680707
0.21 0 -0.0267102402774
0.22 0 -0.0257591351453
0.23 0 -0.0261724586747
0.24 0 -0.0262853484442
0.25 0 -0.0258359720675
0.26 0 -0.0257367443841
0.27 0 -0.0259794898301
0.28 0 -0.0256058198084
0.29 0 -0.0248463781629
0.3 0 -0.0255336158483
0.31 0 -0.0258085170184
0.32 0 -0.0257675824563
0.33 0 -0.0253864734753
0.34 0 -0.0253821669042
0.35 0 -0.0257075306729
0.36 0 -0.0250670227048
0.37 0 -0.0249423984475
0.38 0 -0.0249286602577
0.39 0 -0.024581278279
0.4 0 -0.0248534989127
0.41 0 -0.0247062503803
0.42 0 -0.0248679894835
0.43 0 -0.0246084122877
0.44 0 -0.0247210887175
0.45 0 -0.0246349571526
0.46 0 -0.0241868719585
0.47 0 -0.0240107792543
0.48 0 -0.0240701627583
0.49 0 -0.0246639059883
0.5 0 -0.0241830201267
0.51 0 -0.024436888501
0.52 0 -0.0240030872293
0.53 0 -0.0238947555962
0.54 0 -0.0236656260704
0.55 0 -0.0240320215062
0.56 0 -0.0235403181097
0.57 0 -0.0234331352022
0.58 0 -0.0235732861822
0.59 0 -0.023911886391
0.6 0 -0.023198545415
0.61 0 -0.0231633303218
0.62 0 -0.0228718170624
0.63 0 -0.0230245658884
0.64 0 -0.0233815358533
0.65 0 -0.0227772826007
0.66 0 -0.0232247239306
0.67 0 -0.0231202389583
0.68 0 -0.0229995254018
0.69 0 -0.0223541539122
0.7 0 -0.0225889279448
0.71 0 -0.0221512451306
0.72 0 -0.02266863561
0.73 0 -0.022230086742
0.74 0 -0.02232323749
0.75 0 -0.0225865532991
0.76 0 -0.0220678371509
0.77 0 -0.0221439106493
0.78 0 -0.0218224808681
0.79 0 -0.0224419152803
0.8 0 -0.0217182795631
0.81 0 -0.0218806815006
0.82 0 -0.0211467535374
0.83 0 -0.0215056757874
0.84 0 -0.021657840655
0.85 0 -0.0214736488884
0.86 0 -0.0211093175132
0.87 0 -0.0212368027414
0.88 0 -0.0211741315766
0.89 0 -0.0204059868397
0.9 0 -0.0206701653619
0.91 0 -0.0206304320692
0.92 0 -0.0212426768283
0.93 0 -0.0207005385813
0.94 0 -0.0208101669999
0.95 0 -0.0208523342021
0.96 0 -0.0209569591188
0.97 0 -0.0204057689451
0.98 0 -0.0204797372391
0.99 0 -0.0201844762467
1.0 0 -0.0203442380694
