0.0 0 0.0
0.01 0 0.0505477367326
0.02 0 0.0573435380363
0.03 0 0.058904794979
0.04 0 0.0575496894479
0.05 0 0.0585113306408
0.06 0 0.0594697712665
0.07 0 0.0564103256537
0.08 0 0.0580905158175
0.09 0 0.0583289642599
0.1 0 0.0582267376812
0.11 0 0.0589276204738
0.12 0 0.0585459935535
0.13 0 0.05871850272
0.14 0 0.0583207843925
0.15 0 0.0582247996348
0.16 0 0.0588246054349
0.17 0 0.0587420447326
0.18 0 0.0598492278152
0.19 0 0.0590184880438
0.2 0 0.059379145328
0.21 0 0.0586186082993
0.22 0 0.058939411633
0.23 0 0.0590816571949
0.24 0 0.0594321852678
0.25 0 0.0596041040539
0.26 0 0.0595403123615
0.27 0 0.0595814367876
0.28 0 0.0594600509175
0.29 0 0.059559248395
0.3 0 0.0599278066008
0.31 0 0.0597406103678
0.32 0 0.0599763664725
0.33 0 0.0599663729672
0.34 0 0.0598381990348
0.35 0 0.0599273241857
0.36 0 0.0601701488457
0.37 0 0.0598218480863
0.38 0 0.0603300500547
0.39 0 0.0605511544886
0.4 0 0.0602364977603
0.41 0 0.0598970598093
0.42 0 0.0607726701686
0.43 0 0.060429007926
0.44 0 0.0606887524452
0.45 0 0.061059363654
0.46 0 0.061024396332
0.47 0 0.0610510499226
0.48 0 0.060798092478
0.49 0 0.0604108687422
0.5 0 0.0615790783313
0.51 0 0.0616649482375
0.52 0 0.0610717437734
0.53 0 0.062167272172
0.54 0 0.0622907575816
0.55 0 0.0614099554002
0.56 0 0.0618381982221
0.57 0 0.0615053209261
0.58 0 0.0611036657172
0.59 0 0.0619818509058
0.6 0 0.0622365761644
0.61 0 0.061893722261
0.62 0 0.062003717201
0.63 0 0.0619867214884
0.64 0 0.0622044304247
0.65 0 0.0617706802379
0.66 0 0.0623249063403
0.67 0 0.0624813243175
0.68 0 0.0623161642362
0.69 0 0.0623903742275
0.7 0 0.0629316975036
0.71 0 0.0630421228019
0.72 0 0.0624156960096
0.73 0 0.0634750308055
0.74 0 0.0625423971403
0.75 0 0.0628130156664
0.76 0 0.0629850651674
0.77 0 0.0631922156928
0.78 0 0.0630341252883
0.79 0 0.0632352726818
0.8 0 0.063929501643
0.81 0 0.0632323949427
0.82 0 0.0634711302592
0.83 0 0.0638340483076
0.84 0 0.0639934482753
0.85 0 0.0633743932054
0.86 0 0.0636972265842
0.87 0 0.0639617164365
0.88 0 0.0634775821594
0.89 0 0.0637617163276
0.9 0 0.0645840413625
0.91 0 0.0637281284969
0.92 0 0.063814467674
0.93 0 0.0650513552277
0.94 0 0.0643306543626
0.95 0 0.0641586618083
0.96 0 0.0648693109977
0.97 0 0.065305806226
0.98 0 0.0652254386701
0.99 0 0.0652101271
1.0 0 0.0653333226738
