0.0 0 0.0
0.01 0 0.13351555326
0.02 0 0.132138570502
0.03 0 0.13169086978
0.04 0 0.131940401533
0.05 0 0.13168968599
0.06 0 0.130170122637
0.07 0 0.131799217473
0.08 0 0.131509594557
0.09 0 0.131802117199
0.1 0 0.131909447409
0.11 0 0.131058230267
0.12 0 0.131140823784
0.13 0 0.131588759099
0.14 0 0.131764493777
0.15 0 0.132210819848
0.16 0 0.131832058325
0.17 0 0.131683662634
0.18 0 0.131708185695
0.19 0 0.131570448124
0.2 0 0.13217763637
0.21 0 0.132076322407
0.22 0 0.132272484332
0.23 0 0.132049073197
0.24 0 0.132681221799
0.25 0 0.131993546132
0.26 0 0.132657911222
0.27 0 0.132307047294
0.28 0 0.132568245189
0.29 0 0.13271403864
0.3 0 0.132703953413
0.31 0 0.132269765149
0.32 0 0.132861164209
0.33 0 0.132896037177
0.34 0 0.132358006554
0.35 0 0.133373807965
0.36 0 0.132691672597
0.37 0 0.132911729492
0.38 0 0.133046143855
0.39 0 0.133891680741
0.4 0 0.133675766334
0.41 0 0.133217727266
0.42 0 0.133693516657
0.43 0 0.132764301134
0.44 0 0.133837926557
0.45 0 0.133416955932
0.46 0 0.133542043516
0.47 0 0.133682175572
0.48 0 0.133735284119
0.49 0 0.134096552213
0.5 0 0.133731716795
0.51 0 0.133916542461
0.52 0 0.134642171074
0.53 0 0.134430932057
0.54 0 0.133945942464
0.55 0 0.134071145781
0.56 0 0.134685432486
0.57 0 0.134384483389
0.58 0 0.134513667231
0.59 0 0.134675202728
0.6 0 0.134296074108
0.61 0 0.13416293252
0.62 0 0.134743570042
0.63 0 0.134769823761
0.64 0 0.134788878095
0.65 0 0.134582585091
0.66 0 0.134856325059
0.67 0 0.135409644175
0.68 0 0.135259287235
0.69 0 0.135167831114
0.7 0 0.135528505376
0.71 0 0.135135855419
0.72 0 0.135460192806
0.73 0 0.134912933364
0.74 0 0.135616125478
0.75 0 0.136127765735
0.76 0 0.135778781508
0.77 0 0.13578025922
0.78 0 0.135501435926
0.79 0 0.135605375971
0.8 0 0.135842517565
0.81 0 0.135694930607
0.82 0 0.136014262896
0.83 0 0.135090420935
0.84 0 0.136112126531
0.85 0 0.135672807492
0.86 0 0.13576353404
0.87 0 0.135612865454
0.88 0 0.135922967393
0.89 0 0.136689032831
0.9 0 0.13687192123
0.91 0 0.13680732889
0.92 0 0.137082108008
0.93 0 0.136281948444
0.94 0 0.136417412253
0.95 0 0.136858378249
0.96 0 0.136874253942
0.97 0 0.13653052341
0.98 0 0.136046641034
0.99 0 0.136602512638
1.0 0 0.136957368594
