0.0 0 0.0
0.01 0 0.193946662809
0.02 0 0.197202570839
0.03 0 0.194125187688
0.04 0 0.195677576014
0.05 0 0.195838895824
0.06 0 0.19419359985
0.07 0 0.195378687797
0.08 0 0.194719027901
0.09 0 0.194901621431
0.1 0 0.195026235633
0.11 0 0.194908950835
0.12 0 0.195735904801
0.13 0 0.195140286148
0.14 0 0.194955981752
0.15 0 0.195127479188
0.16 0 0.194248453247
0.17 0 0.194716468666
0.18 0 0.19502022198
0.19 0 0.19486500014
0.2 0 0.195333895111
0.21 0 0.195196196102
0.22 0 0.195606155731
0.23 0 0.195108462277
0.24 0 0.195318498643
0.25 0 0.195107844159
0.26 0 0.195710606648
0.27 0 0.195729810064
0.28 0 0.196174391293
0.29 0 0.195211575802
0.3 0 0.195850192346
0.31 0 0.195980803992
0.32 0 0.19529660277
0.33 0 0.195824218877
0.34 0 0.196606369867
0.35 0 0.195777873891
0.36 0 0.196130295875
0.37 0 0.196357345784
0.38 0 0.195452878552
0.39 0 0.19686966854
0.4 0 0.196193181205
0.41 0 0.196689076603
0.42 0 0.196156586636
0.43 0 0.196813210852
0.44 0 0.196057730866
0.45 0 0.197189296142
0.46 0 0.19615855673
0.47 0 0.196454972421
0.48 0 0.196544710295
0.49 0 0.196371777628
0.5 0 0.196330061244
0.51 0 0.196045446819
0.52 0 0.196982379184
0.53 0 0.196960563357
0.54 0 0.19703600651
0.55 0 0.196800747255
0.56 0 0.196574159509
0.57 0 0.196959285693
0.58 0 0.196801466241
0.59 0 0.197273047218
0.6 0 0.197323303619
0.61 0 0.197640769495
0.62 0 0.197585936325
0.63 0 0.197113781365
0.64 0 0.196939387237
0.65 0 0.197149647958
0.66 0 0.197257010148
0.67 0 0.197569002411
0.68 0 0.197407526674
0.69 0 0.197092817184
0.7 0 0.197653825483
0.71 0 0.197128973044
0.72 0 0.197763594002
0.73 0 0.197550951512
0.74 0 0.19758657189
0.75 0 0.197649715132
0.76 0 0.197868919477
0.77 0 0.19776988723
0.78 0 0.197700993404
0.79 0 0.197590570806
0.8 0 0.198473808033
0.81 0 0.19807147817
0.82 0 0.198072283231
0.83 0 0.197807775732
0.84 0 0.198199598176
0.85 0 0.198413706754
0.86 0 0.198295368476
0.87 0 0.198155002145
0.88 0 0.198316093558
0.89 0 0.198339284388
0.9 0 0.198634392214
0.91 0 0.198561437394
0.92 0 0.198294695307
0.93 0 0.198554771095
0.94 0 0.198528596302
0.95 0 0.198657158416
0.96 0 0.19841733146
0.97 0 0.19927720274
0.98 0 0.198831393509
0.99 0 0.198186323613
1.0 0 0.198800411604
