0.0 0 0.0
0.01 0 0.258282548476
0.02 0 0.253979700855
0.03 0 0.252393165577
0.04 0 0.250803848533
0.05 0 0.250581472725
0.06 0 0.25044672662
0.07 0 0.249729903447
0.08 0 0.249998013845
0.09 0 0.250440037704
0.1 0 0.249946027874
0.11 0 0.250708753233
0.12 0 0.250774524809
0.13 0 0.250394481275
0.14 0 0.250351742505
0.15 0 0.250167594082
0.16 0 0.250647871328
0.17 0 0.249867913304
0.18 0 0.250441735853
0.19 0 0.250857725678
0.2 0 0.250375329041
0.21 0 0.251251655541
0.22 0 0.250608305847
0.23 0 0.251202149815
0.24 0 0.250967528156
0.25 0 0.250417936736
0.26 0 0.250802459432
0.27 0 0.25060370721
0.28 0 0.250574841364
0.29 0 0.250765796431
0.3 0 0.250661969705
0.31 0 0.251176496922
0.32 0 0.251453712133
0.33 0 0.251018622776
0.34 0 0.250734752238
0.35 0 0.251551724704
0.36 0 0.250627265968
0.37 0 0.251001807756
0.38 0 0.250636119708
0.39 0 0.250934095868
0.4 0 0.251007917545
0.41 0 0.251131502798
0.42 0 0.251551078141
0.43 0 0.251220589321
0.44 0 0.251038082115
0.45 0 0.251198544463
0.46 0 0.251487379118
0.47 0 0.251406902972
0.48 0 0.251286237032
0.49 0 0.251297369759
0.5 0 0.251306275816
0.51 0 0.251484886962
0.52 0 0.251774994165
0.53 0 0.251733719523
0.54 0 0.251584000063
0.55 0 0.251743666274
0.56 0 0.251935421278
0.57 0 0.251709539341
0.58 0 0.251377148292
0.59 0 0.251573534347
0.6 0 0.251610233457
0.61 0 0.251825257618
0.62 0 0.251962390984
0.63 0 0.251792355504
0.64 0 0.251756920191
0.65 0 0.251534044002
0.66 0 0.251891775717
0.67 0 0.251788822487
0.68 0 0.251923341892
0.69 0 0.251580471554
0.7 0 0.251766893203
0.71 0 0.252190293577
0.72 0 0.252184591935
0.73 0 0.252179957286
0.74 0 0.25203209416
0.75 0 0.251605586173
0.76 0 0.25239032531
0.77 0 0.252183128654
0.78 0 0.252323607661
0.79 0 0.252207753609
0.8 0 0.252439853278
0.81 0 0.252042044318
0.82 0 0.252636705019
0.83 0 0.252474790126
0.84 0 0.252718629235
0.85 0 0.252260149221
0.86 0 0.252156481963
0.87 0 0.252543647039
0.88 0 0.252630648874
0.89 0 0.252266328184
0.9 0 0.252591917876
0.91 0 0.252745170011
0.92 0 0.252643903706
0.93 0 0.252865514057
0.94 0 0.253125309707
0.95 0 0.253022569157
0.96 0 0.252456976012
0.97 0 0.253020388043
0.98 0 0.253010185467
0.99 0 0.252805222889
1.0 0 0.252731249848
