0.0 0 0.0
0.01 0 0.302350089233
0.02 0 0.303906944041
0.03 0 0.298978648
0.04 0 0.300561318979
0.05 0 0.298878564342
0.06 0 0.29949879367
0.07 0 0.300303535859
0.08 0 0.299286303877
0.09 0 0.299895249631
0.1 0 0.298901846655
0.11 0 0.299874476828
0.12 0 0.29882361974
0.13 0 0.299312960323
0.14 0 0.299891316722
0.15 0 0.299340765769
0.16 0 0.299564412226
0.17 0 0.299265422323
0.18 0 0.299316504579
0.19 0 0.299177279457
0.2 0 0.299262998244
0.21 0 0.299517527897
0.22 0 0.299681014496
0.23 0 0.299541512509
0.24 0 0.298931958868
0.25 0 0.29945091612
0.26 0 0.299422690595
0.27 0 0.299613470825
0.28 0 0.299422632793
0.29 0 0.299456888141
0.3 0 0.299579209498
0.31 0 0.299337928327
0.32 0 0.29922918534
0.33 0 0.299348814475
0.34 0 0.299523133229
0.35 0 0.299793979158
0.36 0 0.299581325564
0.37 0 0.299617155339
0.38 0 0.299235682089
0.39 0 0.29966859974
0.4 0 0.299586142454
0.41 0 0.299178754066
0.42 0 0.299738087015
0.43 0 0.299312163095
0.44 0 0.299876400181
0.45 0 0.2992707124
0.46 0 0.299733366795
0.47 0 0.299231336431
0.48 0 0.299450423525
0.49 0 0.300057533189
0.5 0 0.299801315176
0.51 0 0.299947799145
0.52 0 0.299549091093
0.53 0 0.299852979412
0.54 0 0.29991238288
0.55 0 0.299968125849
0.56 0 0.299819025602
0.57 0 0.300067733936
0.58 0 0.299883164626
0.59 0 0.299788041687
0.6 0 0.300170438306
0.61 0 0.299920217457
0.62 0 0.300006634894
0.63 0 0.299849508097
0.64 0 0.29948247107
0.65 0 0.299973005562
0.66 0 0.300054158812
0.67 0 0.300154890351
0.68 0 0.300132107605
0.69 0 0.300138774958
0.7 0 0.300240469805
0.71 0 0.300095555904
0.72 0 0.299834827815
0.73 0 0.30022971321
0.74 0 0.300001497418
0.75 0 0.300303373016
0.76 0 0.300305436624
0.77 0 0.300227760047
0.78 0 0.300263796758
0.79 0 0.299987121015
0.8 0 0.300791286503
0.81 0 0.300171224077
0.82 0 0.30030721836
0.83 0 0.300314337265
0.84 0 0.300079933987
0.85 0 0.30037218874
0.86 0 0.300174879264
0.87 0 0.300125927765
0.88 0 0.300507246977
0.89 0 0.300364186014
0.9 0 0.300071958615
0.91 0 0.300464252212
0.92 0 0.300396178243
0.93 0 0.300326683215
0.94 0 0.300030280707
0.95 0 0.300706208115
0.96 0 0.30061105645
0.97 0 0.300456407195
0.98 0 0.300527806363
0.99 0 0.300546554101
1.0 0 0.30037615009
