0.0 0 0.0
0.01 0 0.354243983234
0.02 0 0.348126807851
0.03 0 0.345571829804
0.04 0 0.344747845447
0.05 0 0.34424047485
0.06 0 0.343638166728
0.07 0 0.344071460077
0.08 0 0.343062223765
0.09 0 0.342975922656
0.1 0 0.342884175609
0.11 0 0.342691928197
0.12 0 0.342659923866
0.13 0 0.342503196614
0.14 0 0.342641339575
0.15 0 0.342469084893
0.16 0 0.342490391904
0.17 0 0.342340966697
0.18 0 0.34237152053
0.19 0 0.342479285709
0.2 0 0.342248060005
0.21 0 0.343012600246
0.22 0 0.342778064195
0.23 0 0.342966517183
0.24 0 0.343032837443
0.25 0 0.342737503692
0.26 0 0.342905092404
0.27 0 0.342635163714
0.28 0 0.342559972713
0.29 0 0.342631680265
0.3 0 0.342766072348
0.31 0 0.342621886402
0.32 0 0.342817555313
0.33 0 0.342349865799
0.34 0 0.34280352934
0.35 0 0.342658084667
0.36 0 0.342539986197
0.37 0 0.342473809786
0.38 0 0.342525268762
0.39 0 0.342359343089
0.4 0 0.342744985538
0.41 0 0.3430184959
0.42 0 0.342843599985
0.43 0 0.343138731125
0.44 0 0.342778366297
0.45 0 0.342864321652
0.46 0 0.342812955899
0.47 0 0.343133145361
0.48 0 0.342836700591
0.49 0 0.342881575755
0.5 0 0.342780702806
0.51 0 0.342695389697
0.52 0 0.342853577443
0.53 0 0.342719236848
0.54 0 0.342598432754
0.55 0 0.342833688623
0.56 0 0.342753033946
0.57 0 0.342666516629
0.58 0 0.342927308109
0.59 0 0.342811892414
0.6 0 0.342877581712
0.61 0 0.342948170787
0.62 0 0.343043722626
0.63 0 0.343032252182
0.64 0 0.342887649133
0.65 0 0.343118325601
0.66 0 0.3427782749
0.67 0 0.342968703442
0.68 0 0.342794950945
0.69 0 0.342923167463
0.7 0 0.342944968218
0.71 0 0.342818628798
0.72 0 0.343089219739
0.73 0 0.342772951518
0.74 0 0.343041868764
0.75 0 0.342825934645
0.76 0 0.342906051439
0.77 0 0.342875838467
0.78 0 0.343038316747
0.79 0 0.342810087605
0.8 0 0.343248223258
0.81 0 0.343015649298
0.82 0 0.343094593458
0.83 0 0.343138468682
0.84 0 0.343001905456
0.85 0 0.343123578231
0.86 0 0.342958435358
0.87 0 0.342930284119
0.88 0 0.342999198839
0.89 0 0.343147100526
0.9 0 0.343086240725
0.91 0 0.34273612733
0.92 0 0.343075050817
0.93 0 0.343162131054
0.94 0 0.342969097393
0.95 0 0.343171801152
0.96 0 0.34283859475
0.97 0 0.343044419763
0.98 0 0.342876899869
0.99 0 0.342988248886
1.0 0 0.34280362166
