0.0 0 0.0
0.01 0 0.387238835066
0.02 0 0.387596282807
0.03 0 0.382943038903
0.04 0 0.384183893234
0.05 0 0.382092901919
0.06 0 0.383064815225
0.07 0 0.381730417627
0.08 0 0.382505309333
0.09 0 0.38161020293
0.1 0 0.382167368022
0.11 0 0.38146756507
0.12 0 0.381943837173
0.13 0 0.381366379068
0.14 0 0.381782017913
0.15 0 0.381444055209
0.16 0 0.381801102932
0.17 0 0.381236613332
0.18 0 0.381610887908
0.19 0 0.3811955705
0.2 0 0.381531591642
0.21 0 0.381800756033
0.22 0 0.381466293272
0.23 0 0.381711345379
0.24 0 0.381413112512
0.25 0 0.381644929653
0.26 0 0.381367224604
0.27 0 0.381692992623
0.28 0 0.381409410599
0.29 0 0.38163405286
0.3 0 0.381370491461
0.31 0 0.381509755345
0.32 0 0.381406277103
0.33 0 0.381603547452
0.34 0 0.381306371852
0.35 0 0.381494224463
0.36 0 0.381299251417
0.37 0 0.381580234794
0.38 0 0.381333772766
0.39 0 0.381483365049
0.4 0 0.381307595041
0.41 0 0.381342737928
0.42 0 0.381550847111
0.43 0 0.38131852532
0.44 0 0.381517824033
0.45 0 0.381362307973
0.46 0 0.381586346278
0.47 0 0.381292278734
0.48 0 0.38146092274
0.49 0 0.381318198075
0.5 0 0.381480154852
0.51 0 0.38129908727
0.52 0 0.381541225291
0.53 0 0.38136590907
0.54 0 0.381486185939
0.55 0 0.381386795599
0.56 0 0.381543524723
0.57 0 0.381288507437
0.58 0 0.381440911419
0.59 0 0.381271455762
0.6 0 0.381532829242
0.61 0 0.381440582976
0.62 0 0.381329355628
0.63 0 0.381433822504
0.64 0 0.38131322264
0.65 0 0.381518113341
0.66 0 0.381332672761
0.67 0 0.381530462493
0.68 0 0.381350407621
0.69 0 0.381542712243
0.7 0 0.381431309339
0.71 0 0.381459532602
0.72 0 0.381393601257
0.73 0 0.381534217591
0.74 0 0.381408834586
0.75 0 0.381485730164
0.76 0 0.381363909964
0.77 0 0.381410125418
0.78 0 0.381292455542
0.79 0 0.38139555431
0.8 0 0.381365000727
0.81 0 0.381335345568
0.82 0 0.381569725248
0.83 0 0.381349915404
0.84 0 0.381552188717
0.85 0 0.381469186545
0.86 0 0.381587572562
0.87 0 0.381402832838
0.88 0 0.381442761087
0.89 0 0.381314258255
0.9 0 0.381437149589
0.91 0 0.381475905453
0.92 0 0.38154553956
0.93 0 0.381389690583
0.94 0 0.381458844482
0.95 0 0.381283328114
0.96 0 0.381538911989
0.97 0 0.381527738294
0.98 0 0.381433135528
0.99 0 0.381340010403
1.0 0 0.381398669898
