0.0 0 0.0
0.01 0 0.0783314255983
0.02 0 0.0851185294174
0.03 0 0.0866151106131
0.04 0 0.0853019064705
0.05 0 0.0862609383852
0.06 0 0.0872210722117
0.07 0 0.0841640126754
0.08 0 0.0858330809668
0.09 0 0.0860810066039
0.1 0 0.0859721533306
0.11 0 0.0866765483955
0.12 0 0.0862936316291
0.13 0 0.086465448
0.14 0 0.0860705996292
0.15 0 0.0859784831743
0.16 0 0.0865756130515
0.17 0 0.0864927011246
0.18 0 0.0875977182045
0.19 0 0.0867698614553
0.2 0 0.087128369574
0.21 0 0.0863689397772
0.22 0 0.0866898214536
0.23 0 0.0868313007996
0.24 0 0.0871827895773
0.25 0 0.0873522865422
0.26 0 0.0872902041294
0.27 0 0.0873308059271
0.28 0 0.0872099197016
0.29 0 0.0873101917396
0.3 0 0.0876787761929
0.31 0 0.0874905694569
0.32 0 0.0877240224669
0.33 0 0.0877163847705
0.34 0 0.0875878481842
0.35 0 0.0876770507063
0.36 0 0.087920126015
0.37 0 0.0875731562405
0.38 0 0.0880805963991
0.39 0 0.0883016841113
0.4 0 0.0879866265007
0.41 0 0.0876461641059
0.42 0 0.0885229469248
0.43 0 0.0881778971367
0.44 0 0.0884398409343
0.45 0 0.0888077728602
0.46 0 0.0887742502482
0.47 0 0.0888001088729
0.48 0 0.0885462431155
0.49 0 0.0881615444453
0.5 0 0.0893282757044
0.51 0 0.0894151773737
0.52 0 0.0888216640495
0.53 0 0.0899170163669
0.54 0 0.0900410572534
0.55 0 0.0891595247815
0.56 0 0.0895873535417
0.57 0 0.0892555105348
0.58 0 0.0888535186995
0.59 0 0.0897323843801
0.6 0 0.0899869264653
0.61 0 0.0896442335593
0.62 0 0.0897545258452
0.63 0 0.0897365435595
0.64 0 0.0899545280564
0.65 0 0.0895210410253
0.66 0 0.0900738883558
0.67 0 0.0902308107479
0.68 0 0.0900667026905
0.69 0 0.090139901247
0.7 0 0.0906818339672
0.71 0 0.0907918246488
0.72 0 0.090165409991
0.73 0 0.0912249005015
0.74 0 0.0902932377524
0.75 0 0.0905633548926
0.76 0 0.0907347139752
0.77 0 0.0909422012325
0.78 0 0.090784200476
0.79 0 0.0909853951735
0.8 0 0.091679664723
0.81 0 0.0909820895619
0.82 0 0.0912213004038
0.83 0 0.0915836834999
0.84 0 0.0917431314316
0.85 0 0.0911243016224
0.86 0 0.0914488414939
0.87 0 0.0917119462581
0.88 0 0.0912272800562
0.89 0 0.0915113805686
0.9 0 0.0923340288562
0.91 0 0.0914773732767
0.92 0 0.0915644978014
0.93 0 0.0928014166333
0.94 0 0.0920806109941
0.95 0 0.0919085674898
0.96 0 0.0926192525452
0.97 0 0.0930553510102
0.98 0 0.0929752241527
0.99 0 0.0929593443581
1.0 0 0.0930836420459
