0.0 0 0.0
0.01 0 0.221671682099
0.02 0 0.224940420342
0.03 0 0.221876876877
0.04 0 0.223434966216
0.05 0 0.223588462447
0.06 0 0.221941066066
0.07 0 0.223126846856
0.08 0 0.222466575559
0.09 0 0.222649278732
0.1 0 0.222776872468
0.11 0 0.222658737128
0.12 0 0.223486467864
0.13 0 0.222891508101
0.14 0 0.222705332923
0.15 0 0.222879283826
0.16 0 0.221998322167
0.17 0 0.222466624367
0.18 0 0.222770688994
0.19 0 0.222612881816
0.2 0 0.223083210815
0.21 0 0.222946374929
0.22 0 0.223356033429
0.23 0 0.222858716169
0.24 0 0.223068717201
0.25 0 0.222857964836
0.26 0 0.223460503221
0.27 0 0.223479762917
0.28 0 0.223924674088
0.29 0 0.222961918488
0.3 0 0.223600329605
0.31 0 0.223730177144
0.32 0 0.223045051357
0.33 0 0.223574005388
0.34 0 0.224356016908
0.35 0 0.223527290153
0.36 0 0.223879898515
0.37 0 0.224107799372
0.38 0 0.223203296851
0.39 0 0.224619498792
0.4 0 0.223944143882
0.41 0 0.224438644724
0.42 0 0.223906571912
0.43 0 0.224563372179
0.44 0 0.223808805308
0.45 0 0.224939467649
0.46 0 0.22390858528
0.47 0 0.224205546239
0.48 0 0.224294749046
0.49 0 0.224121109854
0.5 0 0.224080423067
0.51 0 0.223796199982
0.52 0 0.224732664795
0.53 0 0.224711836419
0.54 0 0.224785976773
0.55 0 0.224550864932
0.56 0 0.224324258807
0.57 0 0.224709249934
0.58 0 0.224550647665
0.59 0 0.225022594463
0.6 0 0.225073735371
0.61 0 0.225390658897
0.62 0 0.225335907359
0.63 0 0.224864034947
0.64 0 0.224689383367
0.65 0 0.224899934147
0.66 0 0.225006608551
0.67 0 0.225317999384
0.68 0 0.225157646899
0.69 0 0.224843354035
0.7 0 0.225404770623
0.71 0 0.22487904016
0.72 0 0.225513409215
0.73 0 0.225300868679
0.74 0 0.225336786924
0.75 0 0.225399678979
0.76 0 0.22561857483
0.77 0 0.225519659881
0.78 0 0.225450909523
0.79 0 0.225341771688
0.8 0 0.226223982498
0.81 0 0.225821512934
0.82 0 0.225822342153
0.83 0 0.225557572755
0.84 0 0.22594958196
0.85 0 0.226163775511
0.86 0 0.226045375101
0.87 0 0.225904850664
0.88 0 0.226065759198
0.89 0 0.226089272237
0.9 0 0.226384338673
0.91 0 0.226311168383
0.92 0 0.226044709572
0.93 0 0.226304859216
0.94 0 0.226278838106
0.95 0 0.226407145645
0.96 0 0.226167515778
0.97 0 0.227027078501
0.98 0 0.226581564179
0.99 0 0.225936409997
1.0 0 0.226550340653
