0.0 0 0.0
0.01 0 0.286006925208
0.02 0 0.281729700855
0.03 0 0.280143995978
0.04 0 0.278553004179
0.05 0 0.278330400165
0.06 0 0.278195944382
0.07 0 0.277477899863
0.08 0 0.277748261128
0.09 0 0.278190824516
0.1 0 0.27769653952
0.11 0 0.278458724564
0.12 0 0.278522985617
0.13 0 0.278144358734
0.14 0 0.278101785408
0.15 0 0.277917828763
0.16 0 0.27839943755
0.17 0 0.277617168703
0.18 0 0.278192138408
0.19 0 0.2786078845
0.2 0 0.278125683855
0.21 0 0.279001350966
0.22 0 0.278358687463
0.23 0 0.278953510168
0.24 0 0.278715457551
0.25 0 0.278167190496
0.26 0 0.278552353495
0.27 0 0.278354048132
0.28 0 0.278325007046
0.29 0 0.278515920934
0.3 0 0.278411979024
0.31 0 0.278926443855
0.32 0 0.279204016405
0.33 0 0.278768139042
0.34 0 0.278484537589
0.35 0 0.279301804404
0.36 0 0.278377242742
0.37 0 0.278751650448
0.38 0 0.278386158352
0.39 0 0.27868426221
0.4 0 0.278757350629
0.41 0 0.278882355628
0.42 0 0.279301912015
0.43 0 0.278970616335
0.44 0 0.278787739958
0.45 0 0.278948794177
0.46 0 0.279237303304
0.47 0 0.279156850338
0.48 0 0.279036317384
0.49 0 0.279047577493
0.5 0 0.279055779406
0.51 0 0.27923465191
0.52 0 0.279524914219
0.53 0 0.279483692355
0.54 0 0.279333746257
0.55 0 0.279493777725
0.56 0 0.279685612334
0.57 0 0.279459299206
0.58 0 0.279127524051
0.59 0 0.279323450679
0.6 0 0.279360308842
0.61 0 0.27957532827
0.62 0 0.279712519406
0.63 0 0.279542175681
0.64 0 0.279507214465
0.65 0 0.279284012582
0.66 0 0.279641531077
0.67 0 0.279538666836
0.68 0 0.279673363673
0.69 0 0.279330836097
0.7 0 0.27951693679
0.71 0 0.279940149918
0.72 0 0.279934548162
0.73 0 0.27992988286
0.74 0 0.279782121241
0.75 0 0.279355330835
0.76 0 0.280140284794
0.77 0 0.279934055594
0.78 0 0.280073669323
0.79 0 0.279957686221
0.8 0 0.280189341812
0.81 0 0.279792243577
0.82 0 0.280386796898
0.83 0 0.28022474071
0.84 0 0.280468832229
0.85 0 0.280010198101
0.86 0 0.279906437265
0.87 0 0.280293558324
0.88 0 0.280380741187
0.89 0 0.280016355019
0.9 0 0.280341847844
0.91 0 0.280495306589
0.92 0 0.280394078366
0.93 0 0.280615466176
0.94 0 0.280875423645
0.95 0 0.280772566121
0.96 0 0.280207029505
0.97 0 0.280770595353
0.98 0 0.280760231946
0.99 0 0.280555266711
1.0 0 0.28048130581
