0.0 0 0.443910314606
0.01 300 0.532710314606
0.02 600 0.532710314606
0.03 900 0.532710314606
0.04 1200 0.532710314606
0.05 1500 0.532710314606
0.06 1800 0.532710314606
0.07 2100 0.532710314606
0.08 2400 0.532710314606
0.09 2700 0.532710314606
0.1 3000 0.532710314606
0.11 3300 0.532710314606
0.12 3600 0.532710314606
0.13 3900 0.532710314606
0.14 4200 0.532710314606
0.15 4500 0.532710314606
0.16 4800 0.532710314606
0.17 5100 0.532710314606
0.18 5400 0.532710314606
0.19 5700 0.532710314606
0.2 6000 0.532710314606
0.21 6300 0.532710314606
0.22 6600 0.532710314606
0.23 6900 0.532710314606
0.24 7200 0.532710314606
0.25 7500 0.532710314606
0.26 7800 0.532710314606
0.27 8100 0.532710314606
0.28 8400 0.532710314606
0.29 8700 0.532710314606
0.3 9000 0.532710314606
0.31 9300 0.532710314606
0.32 9600 0.532710314606
0.33 9900 0.532710314606
0.34 10200 0.532710314606
0.35 10500 0.532710314606
0.36 10800 0.532710314606
0.37 11100 0.532710314606
0.38 11400 0.532710314606
0.39 11700 0.532710314606
0.4 12000 0.532710314606
0.41 12300 0.532710314606
0.42 12600 0.532710314606
0.43 12900 0.532710314606
0.44 13200 0.532710314606
0.45 13500 0.532710314606
0.46 13800 0.532710314606
0.47 14100 0.532710314606
0.48 14400 0.532710314606
0.49 14700 0.532710314606
0.5 15000 0.532710314606
0.51 15300 0.532710314606
0.52 15600 0.532710314606
0.53 15900 0.532710314606
0.54 16200 0.532710314606
0.55 16500 0.532710314606
0.56 16800 0.532710314606
0.57 17094 0.532722002918
0.58 17400 0.532710314606
0.59 17700 0.532710314606
0.6 18000 0.532710314606
0.61 18300 0.532710314606
0.62 18600 0.532710314606
0.63 18900 0.532710314606
0.64 19200 0.532710314606
0.65 19500 0.532710314606
0.66 19800 0.532710314606
0.67 20100 0.532710314606
0.68 20400 0.532710314606
0.69 20694 0.532719969578
0.7 21000 0.532710314606
0.71 21300 0.532710314606
0.72 21600 0.532710314606
0.73 21900 0.532710314606
0.74 22200 0.532710314606
0.75 22500 0.532710314606
0.76 22800 0.532710314606
0.77 23100 0.532710314606
0.78 23400 0.532710314606
0.79 23700 0.532710314606
0.8 24000 0.532710314606
0.81 24300 0.532710314606
0.82 24600 0.532710314606
0.83 24900 0.532710314606
0.84 25200 0.532710314606
0.85 25500 0.532710314606
0.86 25800 0.532710314606
0.87 26100 0.532710314606
0.88 26400 0.532710314606
0.89 26700 0.532710314606
0.9 27000 0.532710314606
0.91 27300 0.532710314606
0.92 27600 0.532710314606
0.93 27900 0.532710314606
0.94 28200 0.532710314606
0.95 28500 0.532710314606
0.96 28800 0.532710314606
0.97 29100 0.532710314606
0.98 29400 0.532710314606
0.99 29700 0.532710314606
1.0 30000 0.532710314606
