0.0 0 0.424103464094
0.01 300 0.434453929967
0.02 600 0.432557717942
0.03 900 0.391602702946
0.04 1200 0.420875
0.05 1500 0.427293367347
0.06 1800 0.436705714286
0.07 2100 0.430288556435
0.08 2400 0.431781312003
0.09 2700 0.42684495
0.1 3000 0.417121762454
0.11 3300 0.403699758931
0.12 3600 0.427671535566
0.13 3900 0.427849206349
0.14 4200 0.43179384083
0.15 4500 0.437970896823
0.16 4800 0.430838709677
0.17 5100 0.442686390533
0.18 5400 0.441032511385
0.19 5700 0.440532991976
0.2 6000 0.430663467685
0.21 6300 0.427973342212
0.22 6600 0.422287337111
0.23 6900 0.427523295291
0.24 7200 0.405716326531
0.25 7500 0.417926639295
0.26 7800 0.435722934443
0.27 8100 0.409447692308
0.28 8400 0.435117497887
0.29 8700 0.434661322314
0.3 9000 0.430132013387
0.31 9300 0.41362345679
0.32 9600 0.428357179752
0.33 9900 0.4354432875
0.34 10200 0.426520537773
0.35 10500 0.441870851627
0.36 10800 0.424605562539
0.37 11100 0.44312445829
0.38 11400 0.436690006575
0.39 11700 0.436071428571
0.4 12000 0.433381656805
0.41 12300 0.424567158556
0.42 12600 0.439327395212
0.43 12900 0.433648695764
0.44 13200 0.431522777778
0.45 13500 0.424494089256
0.46 13800 0.424436676923
0.47 14100 0.437495706627
0.48 14400 0.413498347356
0.49 14700 0.431901901902
0.5 15000 0.40956232687
0.51 15300 0.430632461853
0.52 15600 0.4368886
0.53 15900 0.43314275503
0.54 16200 0.430179733728
0.55 16500 0.437431952663
0.56 16800 0.429903264578
0.57 17094 0.435015542721
0.58 17400 0.431811505872
0.59 17700 0.436934027778
0.6 18000 0.436920167525
0.61 18300 0.413848134661
0.62 18600 0.43590625
0.63 18900 0.433952721131
0.64 19200 0.4194616
0.65 19500 0.421524793388
0.66 19800 0.430016972906
0.67 20100 0.423453766692
0.68 20400 0.436232070448
0.69 20694 0.431354142561
0.7 21000 0.441967629752
0.71 21300 0.414642142151
0.72 21600 0.438208804183
0.73 21900 0.436640694513
0.74 22200 0.43110498636
0.75 22500 0.429277665028
0.76 22800 0.434328726017
0.77 23100 0.438861111111
0.78 23400 0.425197959184
0.79 23700 0.44225141251
0.8 24000 0.440195194353
0.81 24300 0.434760998811
0.82 24600 0.435197083333
0.83 24900 0.41515963408
0.84 25200 0.410675108825
0.85 25500 0.428795541103
0.86 25800 0.434890102453
0.87 26100 0.417259632998
0.88 26400 0.441930169753
0.89 26700 0.403666677551
0.9 27000 0.442579778537
0.91 27300 0.411192279867
0.92 27600 0.41311704142
0.93 27900 0.434361961451
0.94 28200 0.417507244898
0.95 28500 0.408960282998
0.96 28800 0.426707868304
0.97 29100 0.442357988166
0.98 29400 0.431453828571
0.99 29700 0.430889750567
1.0 30000 0.435925644286
