0.0 0 0.437392857143
0.01 300 0.442277108844
0.02 600 0.43105489418
0.03 900 0.424296383432
0.04 1200 0.437520405405
0.05 1500 0.434105625244
0.06 1800 0.337859613492
0.07 2100 0.432219621109
0.08 2400 0.424686122314
0.09 2700 0.427973342212
0.1 3000 0.429382716049
0.11 3300 0.433479363294
0.12 3600 0.435890509355
0.13 3900 0.439563850156
0.14 4200 0.431375637755
0.15 4500 0.438100617979
0.16 4800 0.432972899841
0.17 5100 0.426064795624
0.18 5400 0.411366542807
0.19 5700 0.42705233564
0.2 6000 0.43438
0.21 6300 0.431473624118
0.22 6600 0.410284565557
0.23 6900 0.384107820486
0.24 7200 0.425512653466
0.25 7500 0.426341938776
0.26 7800 0.417402014876
0.27 8100 0.434309982481
0.28 8400 0.417330204506
0.29 8700 0.441168429752
0.3 9000 0.442118962981
0.31 9300 0.431998844444
0.32 9600 0.43788283737
0.33 9900 0.434582354061
0.34 10200 0.426293709677
0.35 10500 0.426261074609
0.36 10800 0.43926256771
0.37 11100 0.409146906122
0.38 11400 0.432457185588
0.39 11700 0.439525659375
0.4 12000 0.437692405355
0.41 12300 0.416309112426
0.42 12600 0.430660123967
0.43 12900 0.42782187235
0.44 13200 0.442208775039
0.45 13500 0.438833632948
0.46 13800 0.435059752924
0.47 14100 0.42750585679
0.48 14400 0.437244369231
0.49 14700 0.439437630826
0.5 15000 0.42842568371
0.51 15300 0.43180161198
0.52 15600 0.400333993377
0.53 15900 0.413903407692
0.54 16200 0.42906911415
0.55 16500 0.423381938776
0.56 16800 0.433851428571
0.57 17094 0.414456632653
0.58 17400 0.436495523416
0.59 17700 0.428076968738
0.6 18000 0.407674454101
0.61 18300 0.43600887574
0.62 18600 0.439405297304
0.63 18900 0.435379014839
0.64 19200 0.427128188776
0.65 19500 0.431858957666
0.66 19800 0.44241585716
0.67 20100 0.436407029478
0.68 20400 0.432704671951
0.69 20694 0.437851638051
0.7 21000 0.436902413706
0.71 21300 0.437851731869
0.72 21600 0.436728647014
0.73 21900 0.442471461304
0.74 22200 0.435438016529
0.75 22500 0.427769081633
0.76 22800 0.430649302399
0.77 23100 0.428511211073
0.78 23400 0.422602317983
0.79 23700 0.425597706489
0.8 24000 0.431986374353
0.81 24300 0.436000637755
0.82 24600 0.43562594957
0.83 24900 0.391814872405
0.84 25200 0.434364391603
0.85 25500 0.421207177778
0.86 25800 0.440489465818
0.87 26100 0.409237510353
0.88 26400 0.424628506616
0.89 26700 0.4371624
0.9 27000 0.43210292011
0.91 27300 0.414749741736
0.92 27600 0.420794418548
0.93 27900 0.410668648729
0.94 28200 0.436401359117
0.95 28500 0.437604938272
0.96 28800 0.421301699674
0.97 29100 0.429814409084
0.98 29400 0.432149155924
0.99 29700 0.425995495495
1.0 30000 0.435493274974
