0.0 0 0.443910314606
0.01 300 0.41687719618
0.02 600 0.42212016504
0.03 900 0.418409614674
0.04 1200 0.405194135039
0.05 1500 0.384578079099
0.06 1800 0.370324442633
0.07 2100 0.363754902592
0.08 2400 0.352633054736
0.09 2700 0.349972365394
0.1 3000 0.34300731096
0.11 3300 0.332409372446
0.12 3600 0.332942753203
0.13 3900 0.332951628753
0.14 4200 0.330278754525
0.15 4500 0.327408535561
0.16 4800 0.324851560092
0.17 5100 0.323698571985
0.18 5400 0.322038168613
0.19 5700 0.322585073559
0.2 6000 0.321745098373
0.21 6300 0.321198025134
0.22 6600 0.32037187638
0.23 6900 0.319543034796
0.24 7200 0.319822055057
0.25 7500 0.320095605348
0.26 7800 0.319545755826
0.27 8100 0.318995961846
0.28 8400 0.318995934213
0.29 8700 0.319545783736
0.3 9000 0.319269512138
0.31 9300 0.319269484505
0.32 9600 0.318722411555
0.33 9900 0.318722411555
0.34 10200 0.318995961846
0.35 10500 0.318722411555
0.36 10800 0.318722411555
0.37 11100 0.318722411555
0.38 11400 0.318722411555
0.39 11700 0.318722411555
0.4 12000 0.318722411555
0.41 12300 0.318722411555
0.42 12600 0.318722411555
0.43 12900 0.318722411555
0.44 13200 0.318722411555
0.45 13500 0.318722411555
0.46 13800 0.318722411555
0.47 14100 0.318722411555
0.48 14400 0.318722411555
0.49 14700 0.318722411555
0.5 15000 0.318722411555
0.51 15300 0.318722411555
0.52 15600 0.318722411555
0.53 15900 0.318722411555
0.54 16200 0.318722411555
0.55 16500 0.318722411555
0.56 16800 0.318722411555
0.57 17097 0.318710725294
0.58 17400 0.318722411555
0.59 17700 0.318722411555
0.6 18000 0.318722411555
0.61 18300 0.318722411555
0.62 18600 0.318722411555
0.63 18900 0.318722411555
0.64 19200 0.318722411555
0.65 19500 0.318722411555
0.66 19800 0.318722411555
0.67 20100 0.318722411555
0.68 20400 0.318722411555
0.69 20697 0.318712757982
0.7 21000 0.318722411555
0.71 21300 0.318722411555
0.72 21600 0.318722411555
0.73 21900 0.318722411555
0.74 22200 0.318722411555
0.75 22500 0.318722411555
0.76 22800 0.318722411555
0.77 23100 0.318722411555
0.78 23400 0.318722411555
0.79 23700 0.318722411555
0.8 24000 0.318722411555
0.81 24300 0.318722411555
0.82 24600 0.318722411555
0.83 24900 0.318722411555
0.84 25200 0.318722411555
0.85 25500 0.318722411555
0.86 25800 0.318722411555
0.87 26100 0.318722411555
0.88 26400 0.318722411555
0.89 26700 0.318722411555
0.9 27000 0.318722411555
0.91 27300 0.318722411555
0.92 27600 0.318722411555
0.93 27900 0.318722411555
0.94 28200 0.318722411555
0.95 28500 0.318722411555
0.96 28800 0.318722411555
0.97 29100 0.318722411555
0.98 29400 0.318722411555
0.99 29700 0.318722411555
1.0 30000 0.318722411555
