0.0 0 0.443910314606
0.01 300 0.474734877474
0.02 600 0.504678219343
0.03 900 0.513347787328
0.04 1200 0.492802377999
0.05 1500 0.480814596861
0.06 1800 0.471056843996
0.07 2100 0.449060427711
0.08 2400 0.446464227234
0.09 2700 0.434200829366
0.1 3000 0.426938543702
0.11 3300 0.413328368983
0.12 3600 0.40848309317
0.13 3900 0.401117516562
0.14 4200 0.393318408166
0.15 4500 0.393797918699
0.16 4800 0.385010860585
0.17 5100 0.388707870905
0.18 5400 0.385244102496
0.19 5700 0.376603429185
0.2 6000 0.376625535115
0.21 6300 0.372334056787
0.22 6600 0.368924948939
0.23 6900 0.368024074926
0.24 7200 0.366562999271
0.25 7500 0.362454207835
0.26 7800 0.364491040491
0.27 8100 0.364506016576
0.28 8400 0.364197572356
0.29 8700 0.36069139762
0.3 9000 0.361010762519
0.31 9300 0.359555320822
0.32 9600 0.358701155378
0.33 9900 0.358980145765
0.34 10200 0.358154362255
0.35 10500 0.356727937788
0.36 10800 0.356161345172
0.37 11100 0.355890711271
0.38 11400 0.355324174168
0.39 11700 0.355622797528
0.4 12000 0.354219033073
0.41 12300 0.355045098373
0.42 12600 0.352843034796
0.43 12900 0.354227251406
0.44 13200 0.353395605348
0.45 13500 0.353390107747
0.46 13800 0.354492499911
0.47 14100 0.354492499911
0.48 14400 0.352843034796
0.49 14700 0.353398353721
0.5 15000 0.352572261077
0.51 15300 0.352843034796
0.52 15600 0.353116557455
0.53 15900 0.352569484505
0.54 16200 0.352295934213
0.55 16500 0.352569512138
0.56 16800 0.352843034796
0.57 17097 0.352290118716
0.58 17400 0.353116585088
0.59 17700 0.353124887164
0.6 18000 0.352569512138
0.61 18300 0.352295961846
0.62 18600 0.352022411555
0.63 18900 0.352022411555
0.64 19200 0.352022411555
0.65 19500 0.352295961846
0.66 19800 0.352295961846
0.67 20100 0.352295961846
0.68 20400 0.352022411555
0.69 20697 0.352017584768
0.7 21000 0.352022411555
0.71 21300 0.352022411555
0.72 21600 0.352022411555
0.73 21900 0.352022411555
0.74 22200 0.352022411555
0.75 22500 0.352295961846
0.76 22800 0.352022411555
0.77 23100 0.352022411555
0.78 23400 0.352022411555
0.79 23700 0.352022411555
0.8 24000 0.352295934213
0.81 24300 0.352295961846
0.82 24600 0.352022411555
0.83 24900 0.352022411555
0.84 25200 0.352022411555
0.85 25500 0.352022411555
0.86 25800 0.352022411555
0.87 26100 0.352022411555
0.88 26400 0.352022411555
0.89 26700 0.352022411555
0.9 27000 0.352022411555
0.91 27300 0.352022411555
0.92 27600 0.352022411555
0.93 27900 0.352022411555
0.94 28200 0.352022411555
0.95 28500 0.352022411555
0.96 28800 0.352022411555
0.97 29100 0.352022411555
0.98 29400 0.352022411555
0.99 29700 0.352022411555
1.0 30000 0.352022411555
