0.0 0 0.428436701078
0.01 300 0.557268137755
0.02 600 0.554288123767
0.03 900 0.546776482542
0.04 1200 0.544605574779
0.05 1500 0.561649544741
0.06 1800 0.540126891892
0.07 2100 0.536650213675
0.08 2400 0.542621045918
0.09 2697 0.545928876529
0.1 3000 0.555187890625
0.11 3300 0.556904733728
0.12 3600 0.55764134396
0.13 3900 0.559916722973
0.14 4200 0.550622642193
0.15 4500 0.562933995932
0.16 4800 0.547086111111
0.17 5100 0.550774297959
0.18 5397 0.54532446915
0.19 5697 0.554144048694
0.2 6000 0.553145799264
0.21 6300 0.545716749049
0.22 6600 0.556452309677
0.23 6900 0.556488799049
0.24 7200 0.526024641478
0.25 7500 0.560532518919
0.26 7800 0.556660226008
0.27 8100 0.5657448
0.28 8400 0.542645535378
0.29 8700 0.560983050156
0.3 9000 0.537460297669
0.31 9300 0.524790093827
0.32 9600 0.560503101084
0.33 9900 0.551139599809
0.34 10200 0.508159027778
0.35 10497 0.548543083334
0.36 10797 0.565003353401
0.37 11097 0.552874419574
0.38 11397 0.551514532009
0.39 11697 0.554726433211
0.4 12000 0.549708792282
0.41 12300 0.525808157343
0.42 12600 0.552308951351
0.43 12900 0.554822851804
0.44 13200 0.550442959184
0.45 13500 0.556399876684
0.46 13800 0.5592624
0.47 14100 0.563845629521
0.48 14400 0.549632904806
0.49 14700 0.562184117875
0.5 15000 0.530221281229
0.51 15300 0.554060859752
0.52 15600 0.551437579592
0.53 15900 0.554467075795
0.54 16200 0.556243804881
0.55 16500 0.553535102041
0.56 16800 0.53477205393
0.57 17097 0.551007553617
0.58 17400 0.552048799049
0.59 17700 0.547353698225
0.6 18000 0.535214115359
0.61 18300 0.556721005144
0.62 18600 0.558665712798
0.63 18900 0.546313531224
0.64 19200 0.556416322696
0.65 19500 0.547578158205
0.66 19800 0.544695041322
0.67 20100 0.536493010626
0.68 20400 0.54956769029
0.69 20697 0.549340129016
0.7 20997 0.558919923208
0.71 21297 0.550232954622
0.72 21597 0.516577628259
0.73 21897 0.554203191445
0.74 22197 0.562149013922
0.75 22497 0.536830602288
0.76 22797 0.550712975982
0.77 23097 0.555329759618
0.78 23397 0.558748306737
0.79 23700 0.541510102041
0.8 24000 0.536865884024
0.81 24300 0.55189960288
0.82 24600 0.547784634962
0.83 24900 0.552592260208
0.84 25200 0.557413933117
0.85 25500 0.55328505
0.86 25800 0.547289112426
0.87 26100 0.555599951942
0.88 26400 0.559667692308
0.89 26700 0.5590848
0.9 27000 0.563687958478
0.91 27300 0.559964811073
0.92 27600 0.546118536826
0.93 27900 0.541831673241
0.94 28200 0.54255943851
0.95 28500 0.559248784782
0.96 28800 0.559833596939
0.97 29100 0.539890844999
0.98 29400 0.544394210313
0.99 29700 0.555342735329
1.0 30000 0.541204938272
