0.0 0 0.420339876033
0.01 300 -0.108228797855
0.02 600 -0.154045813679
0.03 900 -0.17977666466
0.04 1200 -0.199984510321
0.05 1500 -0.197326235605
0.06 1800 -0.203690237281
0.07 2100 -0.20710216622
0.08 2400 -0.206798717488
0.09 2697 -0.208900285434
0.1 3000 -0.208479007521
0.11 3300 -0.213042261379
0.12 3600 -0.209263958948
0.13 3900 -0.212559923047
0.14 4200 -0.211517548217
0.15 4500 -0.212071730352
0.16 4800 -0.213657834716
0.17 5100 -0.213850057946
0.18 5397 -0.214430288316
0.19 5697 -0.216196056305
0.2 6000 -0.216160463133
0.21 6300 -0.214974575266
0.22 6600 -0.216098326525
0.23 6900 -0.217391788939
0.24 7200 -0.217121778864
0.25 7500 -0.216983310769
0.26 7800 -0.217067241568
0.27 8100 -0.216604116586
0.28 8400 -0.21711623262
0.29 8700 -0.218422699043
0.3 9000 -0.217793699466
0.31 9300 -0.217367775415
0.32 9600 -0.218333650808
0.33 9900 -0.218046360737
0.34 10200 -0.217716663891
0.35 10497 -0.217831801431
0.36 10797 -0.218494388215
0.37 11097 -0.217989459465
0.38 11397 -0.218973494217
0.39 11697 -0.218645800279
0.4 12000 -0.218404785244
0.41 12300 -0.218225044948
0.42 12600 -0.219200334929
0.43 12900 -0.219216448486
0.44 13200 -0.218226631017
0.45 13500 -0.218752977445
0.46 13800 -0.219204076867
0.47 14100 -0.218463293459
0.48 14400 -0.219873875175
0.49 14700 -0.218698714003
0.5 15000 -0.220410031864
0.51 15300 -0.220040536119
0.52 15600 -0.219059607636
0.53 15900 -0.219458410691
0.54 16200 -0.219780428796
0.55 16500 -0.218859973601
0.56 16800 -0.219663076275
0.57 17097 -0.219513533684
0.58 17400 -0.219476969936
0.59 17700 -0.219602265786
0.6 18000 -0.219894712245
0.61 18300 -0.219751211634
0.62 18600 -0.220316973964
0.63 18900 -0.219779172514
0.64 19200 -0.219850359442
0.65 19500 -0.220260227012
0.66 19800 -0.220116410183
0.67 20100 -0.220475924046
0.68 20400 -0.220431766974
0.69 20697 -0.219945247313
0.7 20997 -0.220097696242
0.71 21297 -0.220627485605
0.72 21597 -0.220334420695
0.73 21897 -0.220449928567
0.74 22197 -0.220499549804
0.75 22497 -0.220547911966
0.76 22797 -0.219984017029
0.77 23097 -0.219959307614
0.78 23397 -0.220176807639
0.79 23700 -0.220651246337
0.8 24000 -0.22030841219
0.81 24300 -0.220467636466
0.82 24600 -0.220348572216
0.83 24900 -0.220500802098
0.84 25200 -0.220627225537
0.85 25500 -0.220433353338
0.86 25800 -0.220708756287
0.87 26100 -0.220748388841
0.88 26400 -0.220537003215
0.89 26700 -0.22070430338
0.9 27000 -0.220519910717
0.91 27300 -0.22046190827
0.92 27600 -0.220575212122
0.93 27900 -0.220590018086
0.94 28200 -0.220417297578
0.95 28500 -0.22078311335
0.96 28800 -0.220542282154
0.97 29100 -0.22044479926
0.98 29400 -0.220752518832
0.99 29700 -0.220589145377
1.0 30000 -0.220489642732
