0.0 0 0.428118614866
0.01 300 -0.113046796113
0.02 600 -0.164219111075
0.03 900 -0.19232149761
0.04 1200 -0.186774665554
0.05 1500 -0.193868894143
0.06 1800 -0.200848457163
0.07 2100 -0.205597061284
0.08 2400 -0.199723818144
0.09 2700 -0.204939580902
0.1 3000 -0.208918988852
0.11 3300 -0.212420323365
0.12 3600 -0.211581833551
0.13 3900 -0.212053610744
0.14 4200 -0.212437596625
0.15 4500 -0.21293239625
0.16 4800 -0.212811015183
0.17 5100 -0.214494003749
0.18 5400 -0.215156278003
0.19 5700 -0.214356514751
0.2 6000 -0.215406849908
0.21 6300 -0.215805702493
0.22 6600 -0.21678923401
0.23 6900 -0.215882894022
0.24 7200 -0.216115001265
0.25 7500 -0.217220310966
0.26 7800 -0.218169132029
0.27 8100 -0.216283403585
0.28 8400 -0.216483261329
0.29 8700 -0.217882835637
0.3 9000 -0.217724010056
0.31 9300 -0.218005932121
0.32 9600 -0.217786556287
0.33 9900 -0.218976608915
0.34 10200 -0.217965664937
0.35 10500 -0.218395742694
0.36 10800 -0.219106406595
0.37 11100 -0.218652418221
0.38 11400 -0.218968165912
0.39 11700 -0.219270816246
0.4 12000 -0.218622370529
0.41 12300 -0.218814950836
0.42 12600 -0.218151416925
0.43 12900 -0.218907806785
0.44 13200 -0.218729011003
0.45 13500 -0.218801259586
0.46 13800 -0.219349178303
0.47 14100 -0.219357837457
0.48 14400 -0.220058245191
0.49 14700 -0.219058678859
0.5 15000 -0.219516998483
0.51 15300 -0.219607189649
0.52 15600 -0.218932199336
0.53 15900 -0.219907752822
0.54 16200 -0.219329539586
0.55 16500 -0.219581156468
0.56 16800 -0.219506091337
0.57 17097 -0.219666603642
0.58 17400 -0.219703920807
0.59 17700 -0.219668743761
0.6 18000 -0.220187081375
0.61 18300 -0.219346685198
0.62 18600 -0.219604121649
0.63 18900 -0.219922249267
0.64 19200 -0.21985093319
0.65 19500 -0.219475792542
0.66 19800 -0.220520439556
0.67 20100 -0.220441248132
0.68 20400 -0.219977351567
0.69 20697 -0.220423111367
0.7 21000 -0.220286859589
0.71 21300 -0.220347300411
0.72 21600 -0.220428765382
0.73 21900 -0.220357955247
0.74 22200 -0.220588225884
0.75 22500 -0.220163522444
0.76 22800 -0.220100502432
0.77 23100 -0.220327417497
0.78 23400 -0.220378589244
0.79 23700 -0.220341610227
0.8 24000 -0.220279569797
0.81 24300 -0.220546527102
0.82 24600 -0.220320749535
0.83 24900 -0.220181305812
0.84 25200 -0.22051871637
0.85 25500 -0.220302655123
0.86 25800 -0.220527294184
0.87 26100 -0.220622755296
0.88 26400 -0.220308606089
0.89 26700 -0.220703348423
0.9 27000 -0.220273977886
0.91 27300 -0.220486341927
0.92 27600 -0.220070954243
0.93 27900 -0.220305012103
0.94 28200 -0.220393341784
0.95 28500 -0.220596126378
0.96 28800 -0.22056723427
0.97 29100 -0.220922890772
0.98 29400 -0.22048238704
0.99 29700 -0.220697689872
1.0 30000 -0.220693142421
