0.0 0 0.438967279128
0.01 300 -0.0914112544207
0.02 600 -0.181489146908
0.03 900 -0.184926202452
0.04 1200 -0.189777195983
0.05 1500 -0.194366510288
0.06 1800 -0.199077108344
0.07 2100 -0.204357951743
0.08 2400 -0.20571686449
0.09 2700 -0.208196927338
0.1 3000 -0.211917089836
0.11 3300 -0.210667804651
0.12 3600 -0.210163763406
0.13 3900 -0.211719157469
0.14 4200 -0.210592859151
0.15 4500 -0.213206980278
0.16 4800 -0.212271055807
0.17 5100 -0.214484303053
0.18 5400 -0.212736207818
0.19 5700 -0.217000098087
0.2 6000 -0.216590276433
0.21 6300 -0.216425672462
0.22 6600 -0.216580943845
0.23 6900 -0.215486021727
0.24 7200 -0.216117487412
0.25 7500 -0.216264045864
0.26 7800 -0.217325652933
0.27 8100 -0.217656523601
0.28 8400 -0.216398057592
0.29 8700 -0.21810668477
0.3 9000 -0.216779128566
0.31 9300 -0.217865232325
0.32 9600 -0.217164608693
0.33 9900 -0.216977813109
0.34 10200 -0.217708824112
0.35 10500 -0.218644819561
0.36 10800 -0.218618246077
0.37 11100 -0.217995191332
0.38 11400 -0.219492836538
0.39 11700 -0.218254034503
0.4 12000 -0.218568227762
0.41 12300 -0.219675411538
0.42 12600 -0.219149206017
0.43 12900 -0.2186504629
0.44 13200 -0.218676690374
0.45 13500 -0.218895781772
0.46 13800 -0.220020508118
0.47 14100 -0.219309942001
0.48 14400 -0.218997788503
0.49 14700 -0.21964552657
0.5 15000 -0.218984952518
0.51 15300 -0.21960819817
0.52 15600 -0.218930918209
0.53 15900 -0.219197039785
0.54 16200 -0.220112336663
0.55 16500 -0.219861224815
0.56 16800 -0.219702749572
0.57 17097 -0.220286321791
0.58 17400 -0.219323414257
0.59 17700 -0.219742541162
0.6 18000 -0.220076904867
0.61 18300 -0.219743453351
0.62 18600 -0.219461543752
0.63 18900 -0.219712406902
0.64 19200 -0.21960912725
0.65 19500 -0.220325846112
0.66 19800 -0.220217607739
0.67 20100 -0.2196816373
0.68 20400 -0.220399078173
0.69 20697 -0.21984543603
0.7 21000 -0.220413397552
0.71 21300 -0.219500527805
0.72 21600 -0.219903792876
0.73 21900 -0.220326104052
0.74 22200 -0.220380295702
0.75 22500 -0.220135408689
0.76 22800 -0.220305304895
0.77 23100 -0.220066999482
0.78 23400 -0.220519145818
0.79 23700 -0.220537367067
0.8 24000 -0.220279033771
0.81 24300 -0.220081001523
0.82 24600 -0.220509981317
0.83 24900 -0.220527493034
0.84 25200 -0.220545011113
0.85 25500 -0.220301107273
0.86 25800 -0.220552821466
0.87 26100 -0.220161541482
0.88 26400 -0.220712694337
0.89 26700 -0.220377545351
0.9 27000 -0.220346957133
0.91 27300 -0.220267890571
0.92 27600 -0.220598758873
0.93 27900 -0.220613828173
0.94 28200 -0.220417007574
0.95 28500 -0.220689678235
0.96 28800 -0.220795726144
0.97 29100 -0.220831687178
0.98 29400 -0.220866487489
0.99 29700 -0.220384919721
1.0 30000 -0.220422941019
