0.0 0 0.0
0.01 0 0.286006925208
0.02 0 0.281671926364
0.03 0 0.28022371445
0.04 0 0.278510974076
0.05 0 0.278705487299
0.06 0 0.278191992024
0.07 0 0.277459685465
0.08 0 0.277726172493
0.09 0 0.277476206445
0.1 0 0.277479236813
0.11 0 0.278647215735
0.12 0 0.278192074365
0.13 0 0.278259592613
0.14 0 0.27853448582
0.15 0 0.27848016181
0.16 0 0.278146308406
0.17 0 0.277988221392
0.18 0 0.278199981323
0.19 0 0.278045689823
0.2 0 0.27844021302
0.21 0 0.278601188609
0.22 0 0.278169407463
0.23 0 0.278506970295
0.24 0 0.278635637176
0.25 0 0.278249085088
0.26 0 0.278630394876
0.27 0 0.278429633298
0.28 0 0.278478029426
0.29 0 0.278150332329
0.3 0 0.278324688163
0.31 0 0.278716844917
0.32 0 0.278480824137
0.33 0 0.278900108053
0.34 0 0.278551685921
0.35 0 0.278460493934
0.36 0 0.278728681508
0.37 0 0.27880757025
0.38 0 0.279161738222
0.39 0 0.27841544624
0.4 0 0.278921402292
0.41 0 0.278983090098
0.42 0 0.278698969523
0.43 0 0.278968374253
0.44 0 0.278551995301
0.45 0 0.278904553524
0.46 0 0.278641702147
0.47 0 0.278885757335
0.48 0 0.278684327486
0.49 0 0.279177171073
0.5 0 0.279058811188
0.51 0 0.279150234527
0.52 0 0.279120377824
0.53 0 0.279329153875
0.54 0 0.279411275773
0.55 0 0.278800747986
0.56 0 0.279572546117
0.57 0 0.279646497381
0.58 0 0.279538456618
0.59 0 0.279501014874
0.6 0 0.279999497931
0.61 0 0.279994737494
0.62 0 0.279712506676
0.63 0 0.279202496731
0.64 0 0.279742666204
0.65 0 0.27937944224
0.66 0 0.279609589262
0.67 0 0.279639661983
0.68 0 0.28020068933
0.69 0 0.279795009377
0.7 0 0.279973153127
0.71 0 0.28062651626
0.72 0 0.279846034688
0.73 0 0.280046660012
0.74 0 0.279582002246
0.75 0 0.279894253915
0.76 0 0.279747695957
0.77 0 0.279693010227
0.78 0 0.279772201875
0.79 0 0.279852739754
0.8 0 0.27960627426
0.81 0 0.280342400977
0.82 0 0.280488994991
0.83 0 0.280119961402
0.84 0 0.279810394846
0.85 0 0.279985665407
0.86 0 0.280351510051
0.87 0 0.28022018758
0.88 0 0.280092462763
0.89 0 0.2804218823
0.9 0 0.280080625517
0.91 0 0.280285682306
0.92 0 0.280211207592
0.93 0 0.280959498013
0.94 0 0.281033474478
0.95 0 0.28016939569
0.96 0 0.280183318687
0.97 0 0.280682211916
0.98 0 0.280586639424
0.99 0 0.280382514613
1.0 0 0.280247724741
