0.0 0 0.0
0.01 0 0.382026500811
0.02 0 0.375879196798
0.03 0 0.373353018825
0.04 0 0.372499026461
0.05 0 0.371996246246
0.06 0 0.371362216632
0.07 0 0.371175747769
0.08 0 0.370833509224
0.09 0 0.370982050054
0.1 0 0.370662459285
0.11 0 0.370433408191
0.12 0 0.370414173295
0.13 0 0.370253286599
0.14 0 0.37039158274
0.15 0 0.370367510043
0.16 0 0.370239557159
0.17 0 0.370218699804
0.18 0 0.369997116588
0.19 0 0.370109758323
0.2 0 0.369996387998
0.21 0 0.370656808575
0.22 0 0.370727223666
0.23 0 0.370621780428
0.24 0 0.370688875777
0.25 0 0.370484350145
0.26 0 0.370573541503
0.27 0 0.370794175822
0.28 0 0.370632945974
0.29 0 0.370610168801
0.3 0 0.370294518592
0.31 0 0.370588920832
0.32 0 0.37064012833
0.33 0 0.370568028416
0.34 0 0.370291374457
0.35 0 0.370347391106
0.36 0 0.370291223863
0.37 0 0.370163998144
0.38 0 0.370450841098
0.39 0 0.37034047056
0.4 0 0.370497999082
0.41 0 0.370714419031
0.42 0 0.370433970646
0.43 0 0.370682283426
0.44 0 0.370628617909
0.45 0 0.370711597832
0.46 0 0.370517337691
0.47 0 0.370741183118
0.48 0 0.370772501637
0.49 0 0.370450872776
0.5 0 0.370664614163
0.51 0 0.370401673758
0.52 0 0.370436849148
0.53 0 0.370593392556
0.54 0 0.37038824695
0.55 0 0.3705028691
0.56 0 0.370305654547
0.57 0 0.370416909824
0.58 0 0.370448439805
0.59 0 0.370450153816
0.6 0 0.370589990566
0.61 0 0.37066268146
0.62 0 0.370544727836
0.63 0 0.370571047248
0.64 0 0.37077906519
0.65 0 0.370868015186
0.66 0 0.370629112996
0.67 0 0.370685847282
0.68 0 0.370773693471
0.69 0 0.370544659106
0.7 0 0.370664901425
0.71 0 0.370537362312
0.72 0 0.370777040982
0.73 0 0.3705843491
0.74 0 0.370553382706
0.75 0 0.370546299627
0.76 0 0.370742065342
0.77 0 0.37062568328
0.78 0 0.370589006728
0.79 0 0.370475375941
0.8 0 0.370414786918
0.81 0 0.370409489982
0.82 0 0.370871874571
0.83 0 0.370860185175
0.84 0 0.371095033158
0.85 0 0.371108722026
0.86 0 0.370914891923
0.87 0 0.370885306753
0.88 0 0.370824332946
0.89 0 0.370695013833
0.9 0 0.370936347069
0.91 0 0.371071276631
0.92 0 0.370897549554
0.93 0 0.370886853492
0.94 0 0.370837142486
0.95 0 0.370826655036
0.96 0 0.371074169687
0.97 0 0.370816735013
0.98 0 0.370784549994
0.99 0 0.370895886363
1.0 0 0.370798027139
