0.0 0 0.0
0.01 0 -0.121727810651
0.02 0 -0.109241545034
0.03 0 -0.105314484134
0.04 0 -0.104688159118
0.05 0 -0.103397029544
0.06 0 -0.102532534369
0.07 0 -0.101815023307
0.08 0 -0.101900708444
0.09 0 -0.101618243618
0.1 0 -0.10131136802
0.11 0 -0.101295759816
0.12 0 -0.10093130956
0.13 0 -0.10087545503
0.14 0 -0.100580488657
0.15 0 -0.100279659087
0.16 0 -0.100129074245
0.17 0 -0.100337600252
0.18 0 -0.100396469001
0.19 0 -0.100470566235
0.2 0 -0.0999875321629
0.21 0 -0.10065402127
0.22 0 -0.100448863971
0.23 0 -0.10023269162
0.24 0 -0.10050043743
0.25 0 -0.10025789287
0.26 0 -0.0999277985973
0.27 0 -0.0997933055917
0.28 0 -0.0996634758908
0.29 0 -0.0994959492338
0.3 0 -0.0997608430163
0.31 0 -0.0990593662572
0.32 0 -0.0991659478478
0.33 0 -0.0990152052178
0.34 0 -0.0994124927522
0.35 0 -0.0987237182392
0.36 0 -0.0994427557367
0.37 0 -0.0989807728551
0.38 0 -0.0986139668249
0.39 0 -0.0990637056032
0.4 0 -0.0985645887898
0.41 0 -0.0993411686207
0.42 0 -0.099193209009
0.43 0 -0.0988670083614
0.44 0 -0.0988419017762
0.45 0 -0.0986394062451
0.46 0 -0.0987765598818
0.47 0 -0.0982998810578
0.48 0 -0.0984303241176
0.49 0 -0.0986074897438
0.5 0 -0.0980161356347
0.51 0 -0.0979741601447
0.52 0 -0.0981833390013
0.53 0 -0.0980284849256
0.54 0 -0.0977907081812
0.55 0 -0.0975054836766
0.56 0 -0.0977828671407
0.57 0 -0.0974482982082
0.58 0 -0.097696282618
0.59 0 -0.0974532045722
0.6 0 -0.0974709699938
0.61 0 -0.0977989736
0.62 0 -0.0976946669069
0.63 0 -0.0972793970172
0.64 0 -0.0971660880242
0.65 0 -0.0974364518552
0.66 0 -0.0975145662717
0.67 0 -0.0972126643802
0.68 0 -0.0967146979746
0.69 0 -0.0972623662896
0.7 0 -0.0970221478937
0.71 0 -0.0971827559762
0.72 0 -0.0967714001816
0.73 0 -0.0972460160703
0.74 0 -0.0966341033509
0.75 0 -0.0965030294938
0.76 0 -0.0965844630551
0.77 0 -0.096435603866
0.78 0 -0.0961544415963
0.79 0 -0.0961639745374
0.8 0 -0.0962076932221
0.81 0 -0.096210976102
0.82 0 -0.0963076628828
0.83 0 -0.0963144427308
0.84 0 -0.0964238962153
0.85 0 -0.0961181541652
0.86 0 -0.0962697819038
0.87 0 -0.0960995261922
0.88 0 -0.096052551198
0.89 0 -0.0957253514154
0.9 0 -0.0957969559002
0.91 0 -0.0956236756407
0.92 0 -0.0955431011518
0.93 0 -0.0960542241214
0.94 0 -0.0953182716653
0.95 0 -0.0954470221008
0.96 0 -0.0952277307402
0.97 0 -0.0956147568443
0.98 0 -0.0954703305002
0.99 0 -0.095243065573
1.0 0 -0.0953218419844
