0.0 0 0.0
0.01 0 -0.00724611672039
0.02 0 -0.00447651605232
0.03 0 -0.00282612345041
0.04 0 -0.00172284243436
0.05 0 -0.00151001297493
0.06 0 -4.36975326375e-05
0.07 0 0.000960399189368
0.08 0 0.000604653677748
0.09 0 0.00109424186228
0.1 0 0.000709881756757
0.11 0 -5.17213537261e-05
0.12 0 -0.000230424342834
0.13 0 0.00017687489174
0.14 0 0.000133925174036
0.15 0 0.00122519615609
0.16 0 0.00161952507104
0.17 0 0.000863028100091
0.18 0 0.00126968458929
0.19 0 0.00108206782412
0.2 0 0.00238377709525
0.21 0 0.00104952686922
0.22 0 0.00151733666785
0.23 0 0.000960555204667
0.24 0 0.0014358761325
0.25 0 0.00168340359192
0.26 0 0.00182274235734
0.27 0 0.00225477131877
0.28 0 0.00200657940878
0.29 0 0.00179485163199
0.3 0 0.00187720678717
0.31 0 0.00200935737255
0.32 0 0.0020944229259
0.33 0 0.00184913166871
0.34 0 0.0026668044441
0.35 0 0.00218288898597
0.36 0 0.0031610237516
0.37 0 0.00299466102188
0.38 0 0.00332824156087
0.39 0 0.00313336005727
0.4 0 0.00289831592114
0.41 0 0.00293725962929
0.42 0 0.00366769370182
0.43 0 0.002807896645
0.44 0 0.00282972478774
0.45 0 0.00338758814366
0.46 0 0.00360125533122
0.47 0 0.00355276573651
0.48 0 0.00349624437226
0.49 0 0.00345347500488
0.5 0 0.00352977377395
0.51 0 0.00359428057753
0.52 0 0.00379579155266
0.53 0 0.00378021261545
0.54 0 0.00367769995999
0.55 0 0.00384301559381
0.56 0 0.00388961632929
0.57 0 0.00413648940075
0.58 0 0.00406948421012
0.59 0 0.00435537115257
0.6 0 0.00532268525312
0.61 0 0.00503887548104
0.62 0 0.00435792151029
0.63 0 0.0044592024375
0.64 0 0.00432479434614
0.65 0 0.00438875967709
0.66 0 0.00493910481156
0.67 0 0.00527237897974
0.68 0 0.00528603704262
0.69 0 0.00566029364062
0.7 0 0.00483264601099
0.71 0 0.00497407114153
0.72 0 0.00542587124214
0.73 0 0.00564768451676
0.74 0 0.00410825744715
0.75 0 0.00579277780536
0.76 0 0.00559794718853
0.77 0 0.00602921037356
0.78 0 0.00590062548635
0.79 0 0.00594925153971
0.8 0 0.00567401920921
0.81 0 0.00587861101963
0.82 0 0.005562809512
0.83 0 0.00599833853536
0.84 0 0.00603964542659
0.85 0 0.00647181764675
0.86 0 0.00675563469433
0.87 0 0.00695250509959
0.88 0 0.00691858180152
0.89 0 0.00682168938727
0.9 0 0.00677245930341
0.91 0 0.00611256130113
0.92 0 0.00709162637322
0.93 0 0.00737068299276
0.94 0 0.0072546286702
0.95 0 0.00707741290527
0.96 0 0.00737666441161
0.97 0 0.00743023231926
0.98 0 0.0074232231955
0.99 0 0.00730034436324
1.0 0 0.00747234132371
