0.0 0 0.0
0.01 0 0.28616066482
0.02 0 0.28173578238
0.03 0 0.280998510439
0.04 0 0.278518479451
0.05 0 0.278313239197
0.06 0 0.278161361249
0.07 0 0.277453613999
0.08 0 0.277465725645
0.09 0 0.277483943
0.1 0 0.277489500434
0.11 0 0.279221316896
0.12 0 0.278365405709
0.13 0 0.278616208444
0.14 0 0.27794718855
0.15 0 0.277912728623
0.16 0 0.278396942095
0.17 0 0.278486002753
0.18 0 0.277840128183
0.19 0 0.277713969685
0.2 0 0.278435709708
0.21 0 0.278598764787
0.22 0 0.27854850753
0.23 0 0.278404704132
0.24 0 0.278902926259
0.25 0 0.278335543648
0.26 0 0.278548513498
0.27 0 0.27866338399
0.28 0 0.278322301913
0.29 0 0.278001561792
0.3 0 0.278619292057
0.31 0 0.278786085431
0.32 0 0.278880362659
0.33 0 0.278957414042
0.34 0 0.278674236798
0.35 0 0.27918423745
0.36 0 0.278433795913
0.37 0 0.278568607384
0.38 0 0.278880287573
0.39 0 0.278688417441
0.4 0 0.279132200349
0.41 0 0.278782763665
0.42 0 0.278902572751
0.43 0 0.279258367229
0.44 0 0.279033225732
0.45 0 0.279042951347
0.46 0 0.278687982453
0.47 0 0.279246982564
0.48 0 0.279080395324
0.49 0 0.279219996953
0.5 0 0.278761816949
0.51 0 0.279362020829
0.52 0 0.279528545446
0.53 0 0.279048249666
0.54 0 0.278943211285
0.55 0 0.279531072357
0.56 0 0.279648123043
0.57 0 0.279015024623
0.58 0 0.27924411455
0.59 0 0.279464404336
0.6 0 0.279362240863
0.61 0 0.279367197982
0.62 0 0.279403949551
0.63 0 0.279809646581
0.64 0 0.279243164127
0.65 0 0.279641861557
0.66 0 0.279604875743
0.67 0 0.27983171918
0.68 0 0.279826680743
0.69 0 0.279395024481
0.7 0 0.279913024962
0.71 0 0.280027731108
0.72 0 0.279696314122
0.73 0 0.279669046931
0.74 0 0.280069926417
0.75 0 0.279808101457
0.76 0 0.279945649187
0.77 0 0.279912099589
0.78 0 0.280425065979
0.79 0 0.279798903689
0.8 0 0.27984753019
0.81 0 0.280185206546
0.82 0 0.279996738138
0.83 0 0.280172516941
0.84 0 0.279787124624
0.85 0 0.279985422335
0.86 0 0.279854307864
0.87 0 0.280586534308
0.88 0 0.280088392675
0.89 0 0.279990957605
0.9 0 0.280317498297
0.91 0 0.280517794423
0.92 0 0.28101967695
0.93 0 0.280707723074
0.94 0 0.280217846368
0.95 0 0.280504899318
0.96 0 0.280848552488
0.97 0 0.280639798377
0.98 0 0.280521237029
0.99 0 0.280552962606
1.0 0 0.280715267917
