0.0 0 0.0
0.01 0 -0.00804655612245
0.02 0 -0.00479548156956
0.03 0 -0.00212299510678
0.04 0 -0.00193981614479
0.05 0 -0.00108840855006
0.06 0 -0.000147626799451
0.07 0 0.000515720470298
0.08 0 0.000560099745166
0.09 0 0.00103760708994
0.1 0 0.000979540031167
0.11 0 -0.000165010823203
0.12 0 -2.33250343133e-05
0.13 0 -0.000168745796696
0.14 0 0.000890696440762
0.15 0 0.00124177704738
0.16 0 0.000992341667509
0.17 0 0.000867137029571
0.18 0 0.00175519581431
0.19 0 0.00128622076665
0.2 0 0.00117403668544
0.21 0 0.0016169079368
0.22 0 0.00149648133914
0.23 0 0.00085648484287
0.24 0 0.00146195720058
0.25 0 0.00142945705353
0.26 0 0.00216191603285
0.27 0 0.00218038376471
0.28 0 0.00228579412085
0.29 0 0.00148513766514
0.3 0 0.00255171595063
0.31 0 0.00190078916976
0.32 0 0.0021988193805
0.33 0 0.00193963791156
0.34 0 0.00228764832571
0.35 0 0.00273723188966
0.36 0 0.00282771239113
0.37 0 0.00294429024585
0.38 0 0.00325866999009
0.39 0 0.00282743221429
0.4 0 0.00282892003089
0.41 0 0.00311818338784
0.42 0 0.00266147719974
0.43 0 0.0029351205253
0.44 0 0.0028669308271
0.45 0 0.00342476081269
0.46 0 0.00318374245488
0.47 0 0.00335134401454
0.48 0 0.00352788795951
0.49 0 0.00345316444268
0.5 0 0.00389933076759
0.51 0 0.00389837266076
0.52 0 0.00394267672073
0.53 0 0.00394334329481
0.54 0 0.0037545620088
0.55 0 0.00356248737981
0.56 0 0.00428407875658
0.57 0 0.00402423959453
0.58 0 0.00403034783661
0.59 0 0.00398663297591
0.6 0 0.00442212651502
0.61 0 0.0048427944736
0.62 0 0.00405640419207
0.63 0 0.00476886306327
0.64 0 0.00488532087465
0.65 0 0.00473617704184
0.66 0 0.00519599265069
0.67 0 0.00546298033124
0.68 0 0.0054763808789
0.69 0 0.00514736920596
0.7 0 0.00514253548631
0.71 0 0.00521580171017
0.72 0 0.00529588290143
0.73 0 0.00554054882223
0.74 0 0.00537474457606
0.75 0 0.00596475741426
0.76 0 0.00561073551702
0.77 0 0.00517828756039
0.78 0 0.00570326015545
0.79 0 0.00576422361327
0.8 0 0.00658593936071
0.81 0 0.00595994846311
0.82 0 0.00578740144447
0.83 0 0.00643775263513
0.84 0 0.00649114074119
0.85 0 0.00608314921591
0.86 0 0.00610269919674
0.87 0 0.00652029501465
0.88 0 0.00652513540056
0.89 0 0.0062410804402
0.9 0 0.00705838208939
0.91 0 0.00639162461726
0.92 0 0.00700254462907
0.93 0 0.00762178877547
0.94 0 0.00694454567933
0.95 0 0.00682626990642
0.96 0 0.00699394385863
0.97 0 0.00687179328703
0.98 0 0.00730021217331
0.99 0 0.0071951636657
1.0 0 0.00787841603767
