0.0 0 0.0
0.01 0 0.330127602617
0.02 0 0.331587458267
0.03 0 0.326759136
0.04 0 0.328344652013
0.05 0 0.327087682183
0.06 0 0.327964404319
0.07 0 0.328383303698
0.08 0 0.327043739371
0.09 0 0.327395943122
0.1 0 0.326649801587
0.11 0 0.327427248829
0.12 0 0.326378145471
0.13 0 0.326893031572
0.14 0 0.3273319725
0.15 0 0.32680141852
0.16 0 0.327458876648
0.17 0 0.326629464521
0.18 0 0.327191897595
0.19 0 0.327035951336
0.2 0 0.327011874804
0.21 0 0.327371177656
0.22 0 0.326734015804
0.23 0 0.327382460138
0.24 0 0.327052235608
0.25 0 0.327553019069
0.26 0 0.326918641269
0.27 0 0.327043765434
0.28 0 0.327413980604
0.29 0 0.327205841864
0.3 0 0.327474822357
0.31 0 0.326874683064
0.32 0 0.327322136762
0.33 0 0.327232307966
0.34 0 0.327210493047
0.35 0 0.32753953104
0.36 0 0.327453745805
0.37 0 0.327368287458
0.38 0 0.327100217695
0.39 0 0.327418932378
0.4 0 0.327067227289
0.41 0 0.327303082975
0.42 0 0.327698462208
0.43 0 0.327566388017
0.44 0 0.327578779384
0.45 0 0.327068529825
0.46 0 0.327386491254
0.47 0 0.327217746267
0.48 0 0.327564539709
0.49 0 0.327719956061
0.5 0 0.327594382982
0.51 0 0.327274211601
0.52 0 0.327300293309
0.53 0 0.327397757232
0.54 0 0.327454387262
0.55 0 0.328035904654
0.56 0 0.327761970392
0.57 0 0.32804675226
0.58 0 0.327407400839
0.59 0 0.327651169606
0.6 0 0.327302164749
0.61 0 0.327815548603
0.62 0 0.327758750239
0.63 0 0.32763374029
0.64 0 0.327706331523
0.65 0 0.327724454106
0.66 0 0.327539172257
0.67 0 0.32790571253
0.68 0 0.327754070206
0.69 0 0.327672266372
0.7 0 0.327678784035
0.71 0 0.327598432932
0.72 0 0.327764502181
0.73 0 0.327590607784
0.74 0 0.327721478181
0.75 0 0.328113619282
0.76 0 0.32791001058
0.77 0 0.328119708163
0.78 0 0.327733819219
0.79 0 0.327847968434
0.8 0 0.328103751744
0.81 0 0.327921755732
0.82 0 0.327895624339
0.83 0 0.327958841195
0.84 0 0.327960143806
0.85 0 0.327813813671
0.86 0 0.328253430338
0.87 0 0.327849193286
0.88 0 0.327958656218
0.89 0 0.328407963926
0.9 0 0.328088438124
0.91 0 0.328407880378
0.92 0 0.328386202812
0.93 0 0.328123277727
0.94 0 0.32785023853
0.95 0 0.328571725716
0.96 0 0.328429736099
0.97 0 0.328161773314
0.98 0 0.328300334159
0.99 0 0.328408139892
1.0 0 0.328323323923
