0.0 0 0.0
0.01 0 0.414999763705
0.02 0 0.415337726905
0.03 0 0.410690561224
0.04 0 0.411943878864
0.05 0 0.409840410183
0.06 0 0.410813819481
0.07 0 0.409479471855
0.08 0 0.410255736889
0.09 0 0.409360254626
0.1 0 0.409917546747
0.11 0 0.409212201026
0.12 0 0.409879018422
0.13 0 0.409118187833
0.14 0 0.409529060649
0.15 0 0.409042155827
0.16 0 0.409552225962
0.17 0 0.40912206492
0.18 0 0.409357075292
0.19 0 0.409063515355
0.2 0 0.409393935537
0.21 0 0.409550030549
0.22 0 0.409217911137
0.23 0 0.409465651578
0.24 0 0.409351162535
0.25 0 0.409392800499
0.26 0 0.409205275554
0.27 0 0.409361104746
0.28 0 0.409080322787
0.29 0 0.40938271928
0.3 0 0.409045812836
0.31 0 0.409259069062
0.32 0 0.409015528847
0.33 0 0.409285532844
0.34 0 0.409055988308
0.35 0 0.409181421088
0.36 0 0.409173843215
0.37 0 0.409147131514
0.38 0 0.409142726351
0.39 0 0.409232963414
0.4 0 0.408946699147
0.41 0 0.409310857485
0.42 0 0.409515631366
0.43 0 0.409120025601
0.44 0 0.4094715743
0.45 0 0.409112411074
0.46 0 0.409238915712
0.47 0 0.40904163244
0.48 0 0.409304623325
0.49 0 0.409114700901
0.5 0 0.409229769133
0.51 0 0.409136824208
0.52 0 0.409290725005
0.53 0 0.409115456899
0.54 0 0.409278437203
0.55 0 0.409136592724
0.56 0 0.409171604423
0.57 0 0.408999049237
0.58 0 0.40915297775
0.59 0 0.409212342232
0.6 0 0.409207738502
0.61 0 0.409338205346
0.62 0 0.409187550024
0.63 0 0.409182772512
0.64 0 0.409063784971
0.65 0 0.40930299075
0.66 0 0.409116744269
0.67 0 0.409247503518
0.68 0 0.40910035495
0.69 0 0.409357412072
0.7 0 0.409149618649
0.71 0 0.409178036005
0.72 0 0.409081222456
0.73 0 0.409131111662
0.74 0 0.409067976183
0.75 0 0.409235134377
0.76 0 0.409113647513
0.77 0 0.409276460922
0.78 0 0.40927164189
0.79 0 0.409117087755
0.8 0 0.409170686274
0.81 0 0.409222920021
0.82 0 0.409265532459
0.83 0 0.409126783962
0.84 0 0.409302230446
0.85 0 0.40916634359
0.86 0 0.40938938181
0.87 0 0.409127168575
0.88 0 0.409192933284
0.89 0 0.409089441569
0.9 0 0.409162687357
0.91 0 0.409176456379
0.92 0 0.409246669664
0.93 0 0.409139334349
0.94 0 0.409327783052
0.95 0 0.409174792022
0.96 0 0.409172316469
0.97 0 0.409070250517
0.98 0 0.409342542243
0.99 0 0.409157916758
1.0 0 0.409215256458
