0.0 0 0.443910314606
0.01 300 0.476504798606
0.02 600 0.513557912106
0.03 900 0.538665883939
0.04 1200 0.549486392106
0.05 1500 0.558406104206
0.06 1800 0.561950434106
0.07 2100 0.564385338034
0.08 2400 0.564774052106
0.09 2697 0.565899191135
0.1 3000 0.566010314606
0.11 3300 0.566010314606
0.12 3600 0.566010314606
0.13 3900 0.566010314606
0.14 4200 0.566010314606
0.15 4500 0.566010314606
0.16 4800 0.566010314606
0.17 5100 0.566010314606
0.18 5397 0.565954783755
0.19 5697 0.565957707971
0.2 6000 0.566010314606
0.21 6300 0.566010314606
0.22 6600 0.566010314606
0.23 6900 0.566010314606
0.24 7200 0.566010314606
0.25 7500 0.566010314606
0.26 7800 0.566010314606
0.27 8100 0.566010314606
0.28 8400 0.566010314606
0.29 8700 0.566010314606
0.3 9000 0.566010314606
0.31 9300 0.566010314606
0.32 9600 0.566010314606
0.33 9900 0.566010314606
0.34 10200 0.566010314606
0.35 10497 0.565981763591
0.36 10797 0.565982556895
0.37 11097 0.565983307307
0.38 11397 0.565984018212
0.39 11697 0.565984692652
0.4 12000 0.566010314606
0.41 12300 0.566010314606
0.42 12600 0.566010314606
0.43 12900 0.566010314606
0.44 13200 0.566010314606
0.45 13500 0.566010314606
0.46 13800 0.566010314606
0.47 14100 0.566010314606
0.48 14400 0.566010314606
0.49 14700 0.566010314606
0.5 15000 0.566010314606
0.51 15300 0.566010314606
0.52 15600 0.566010314606
0.53 15900 0.566010314606
0.54 16200 0.566010314606
0.55 16500 0.566010314606
0.56 16800 0.566010314606
0.57 17097 0.565992785215
0.58 17400 0.566010314606
0.59 17700 0.566010314606
0.6 18000 0.566010314606
0.61 18300 0.566010314606
0.62 18600 0.566010314606
0.63 18900 0.566010314606
0.64 19200 0.566010314606
0.65 19500 0.566010314606
0.66 19800 0.566010314606
0.67 20100 0.566010314606
0.68 20400 0.566010314606
0.69 20697 0.565995834246
0.7 20997 0.565996041138
0.71 21297 0.565996242201
0.72 21597 0.565996437679
0.73 21897 0.565996627799
0.74 22197 0.565996812781
0.75 22497 0.56599699283
0.76 22797 0.565997168139
0.77 23097 0.565997338895
0.78 23397 0.565997505271
0.79 23700 0.566010314606
0.8 24000 0.566010314606
0.81 24300 0.566010314606
0.82 24600 0.566010314606
0.83 24900 0.566010314606
0.84 25200 0.566010314606
0.85 25500 0.566010314606
0.86 25800 0.566010314606
0.87 26100 0.566010314606
0.88 26400 0.566010314606
0.89 26700 0.566010314606
0.9 27000 0.566010314606
0.91 27300 0.566010314606
0.92 27600 0.566010314606
0.93 27900 0.566010314606
0.94 28200 0.566010314606
0.95 28500 0.566010314606
0.96 28800 0.566010314606
0.97 29100 0.566010314606
0.98 29400 0.566010314606
0.99 29700 0.566010314606
1.0 30000 0.566010314606
