0.0 0 0.442103133333
0.01 300 0.486910500987
0.02 600 0.536895220923
0.03 900 0.568643929047
0.04 1200 0.578061949587
0.05 1500 0.58200597793
0.06 1800 0.592098918472
0.07 2100 0.574611826543
0.08 2400 0.555262378926
0.09 2700 0.590565679012
0.1 3000 0.559754220839
0.11 3300 0.578627579693
0.12 3600 0.58445494964
0.13 3900 0.57493375
0.14 4200 0.586942242381
0.15 4500 0.592709795918
0.16 4800 0.588703688272
0.17 5100 0.5887144
0.18 5400 0.589939893109
0.19 5700 0.579127567568
0.2 6000 0.565917786365
0.21 6300 0.584134609375
0.22 6600 0.59200410503
0.23 6900 0.570685148418
0.24 7200 0.569272207776
0.25 7500 0.594147758264
0.26 7800 0.573861018783
0.27 8100 0.58354035503
0.28 8400 0.59644
0.29 8700 0.591128226076
0.3 9000 0.590427117769
0.31 9300 0.579214292352
0.32 9600 0.578709843609
0.33 9900 0.585311284394
0.34 10200 0.583346280992
0.35 10500 0.576134072022
0.36 10800 0.594775
0.37 11100 0.597712252467
0.38 11400 0.597093522076
0.39 11700 0.584972123632
0.4 12000 0.598987766145
0.41 12300 0.597867457109
0.42 12600 0.592216456599
0.43 12900 0.582024789554
0.44 13200 0.591016184232
0.45 13500 0.598074134814
0.46 13800 0.5824335097
0.47 14100 0.592619488947
0.48 14400 0.587305886321
0.49 14700 0.592265784499
0.5 15000 0.579206045773
0.51 15300 0.593329464992
0.52 15600 0.543224610113
0.53 15900 0.596670555743
0.54 16200 0.578264103144
0.55 16500 0.579145940083
0.56 16800 0.573063194444
0.57 17097 0.593294733492
0.58 17400 0.590746933333
0.59 17700 0.599071597633
0.6 18000 0.589003305785
0.61 18300 0.587627775642
0.62 18600 0.581481311111
0.63 18900 0.588175713436
0.64 19200 0.589716524235
0.65 19500 0.575914142212
0.66 19800 0.593348708141
0.67 20100 0.56264089497
0.68 20400 0.595033006198
0.69 20697 0.585825894631
0.7 21000 0.588458748406
0.71 21300 0.593388397633
0.72 21600 0.577900171699
0.73 21900 0.576996432211
0.74 22200 0.581385103561
0.75 22500 0.589278709677
0.76 22800 0.594261111111
0.77 23100 0.596598519008
0.78 23400 0.580984459459
0.79 23700 0.581070769231
0.8 24000 0.577424939476
0.81 24300 0.558164611726
0.82 24600 0.584349256198
0.83 24900 0.595614107143
0.84 25200 0.589874637376
0.85 25500 0.586504666817
0.86 25800 0.586928835321
0.87 26100 0.584247039474
0.88 26400 0.591401640625
0.89 26700 0.597368532986
0.9 27000 0.570263022715
0.91 27300 0.58091925078
0.92 27600 0.572663503086
0.93 27900 0.595835709343
0.94 28200 0.587037019231
0.95 28500 0.59158375
0.96 28800 0.583242465055
0.97 29100 0.588088571429
0.98 29400 0.59317321862
0.99 29700 0.592025912803
1.0 30000 0.597979778537
