0.0 0 0.417078783482
0.01 300 0.511057913599
0.02 600 0.566800190731
0.03 900 0.605750877786
0.04 1200 0.598697994023
0.05 1500 0.619905602763
0.06 1800 0.630012680864
0.07 2100 0.603467810204
0.08 2400 0.627476878252
0.09 2700 0.6173376
0.1 3000 0.613003163265
0.11 3300 0.623391981237
0.12 3600 0.629604059259
0.13 3900 0.617307421875
0.14 4200 0.614565405405
0.15 4500 0.628395290859
0.16 4800 0.623332048259
0.17 5100 0.616317154344
0.18 5400 0.628343154447
0.19 5700 0.617700438183
0.2 6000 0.62849125
0.21 6300 0.626166188272
0.22 6600 0.624614672216
0.23 6900 0.628645649792
0.24 7200 0.628683118042
0.25 7500 0.616554226021
0.26 7800 0.607099819198
0.27 8100 0.631696028537
0.28 8400 0.607964733728
0.29 8700 0.627723856634
0.3 9000 0.596672888241
0.31 9300 0.613574232046
0.32 9600 0.616605
0.33 9900 0.586266911157
0.34 10200 0.626882777778
0.35 10500 0.630049768814
0.36 10800 0.613360986819
0.37 11100 0.629961385042
0.38 11400 0.617801810607
0.39 11700 0.594236914286
0.4 12000 0.620470716132
0.41 12300 0.617022934443
0.42 12600 0.595773282018
0.43 12900 0.632113790635
0.44 13200 0.62405125
0.45 13500 0.609238600734
0.46 13800 0.618310478438
0.47 14100 0.622731853486
0.48 14400 0.614298924217
0.49 14700 0.591754817348
0.5 15000 0.61498327741
0.51 15300 0.630279532057
0.52 15600 0.586759557303
0.53 15900 0.623427137914
0.54 16200 0.614793314959
0.55 16500 0.618005761903
0.56 16800 0.631402702703
0.57 17097 0.6192392477
0.58 17400 0.632384098226
0.59 17700 0.60985658712
0.6 18000 0.626969554419
0.61 18300 0.594366918619
0.62 18600 0.615452034024
0.63 18900 0.623174637376
0.64 19200 0.581771655133
0.65 19500 0.599991291291
0.66 19800 0.6282786851
0.67 20100 0.612803464094
0.68 20400 0.628496211073
0.69 20697 0.631538923214
0.7 21000 0.625925790816
0.71 21300 0.625846260586
0.72 21600 0.628931096939
0.73 21900 0.6161536
0.74 22200 0.608748226513
0.75 22500 0.618730612245
0.76 22800 0.600183342857
0.77 23100 0.606725303365
0.78 23400 0.628735714286
0.79 23700 0.622157312337
0.8 24000 0.607474227111
0.81 24300 0.626494313742
0.82 24600 0.6205936
0.83 24900 0.60574280516
0.84 25200 0.630567936865
0.85 25500 0.57913624825
0.86 25800 0.614401104911
0.87 26100 0.621774326027
0.88 26400 0.627849078014
0.89 26700 0.596077310772
0.9 27000 0.628553383194
0.91 27300 0.609503265306
0.92 27600 0.617476769206
0.93 27900 0.625899097959
0.94 28200 0.621001948502
0.95 28500 0.603641361059
0.96 28800 0.601300636458
0.97 29100 0.615143877551
0.98 29400 0.626937570904
0.99 29700 0.605050369401
1.0 30000 0.605169783058
