0.0 0 0.0
0.01 0 0.0785046826223
0.02 0 0.0852405141267
0.03 0 0.0862622714681
0.04 0 0.0856425065621
0.05 0 0.0866247597422
0.06 0 0.0874846486769
0.07 0 0.0850472269459
0.08 0 0.0857812128543
0.09 0 0.0858571481268
0.1 0 0.0856270106473
0.11 0 0.0865252959521
0.12 0 0.0867028669301
0.13 0 0.0864632802659
0.14 0 0.086006895778
0.15 0 0.0863254267975
0.16 0 0.0862345054101
0.17 0 0.0860316736493
0.18 0 0.0865255878527
0.19 0 0.0866993924452
0.2 0 0.0869730538025
0.21 0 0.0863451495915
0.22 0 0.0872424418751
0.23 0 0.0863471269658
0.24 0 0.0875792308505
0.25 0 0.0870687478125
0.26 0 0.0872219369057
0.27 0 0.0872157585513
0.28 0 0.0872706892934
0.29 0 0.0873664700635
0.3 0 0.0877670927833
0.31 0 0.0880483706102
0.32 0 0.0878252873951
0.33 0 0.0878976583727
0.34 0 0.0874583041755
0.35 0 0.087208977876
0.36 0 0.0886400762518
0.37 0 0.087753141308
0.38 0 0.0879509728373
0.39 0 0.0880929860002
0.4 0 0.0880339020924
0.41 0 0.0879721974513
0.42 0 0.0886671638035
0.43 0 0.0884424704258
0.44 0 0.0879327027746
0.45 0 0.0887668787066
0.46 0 0.0886975536743
0.47 0 0.0889471949416
0.48 0 0.0889548330686
0.49 0 0.0883028525624
0.5 0 0.0886039776777
0.51 0 0.0891986794206
0.52 0 0.08862748223
0.53 0 0.089241374156
0.54 0 0.0898601160132
0.55 0 0.0891337486889
0.56 0 0.0895942360135
0.57 0 0.0899748957947
0.58 0 0.089641472613
0.59 0 0.0890683205631
0.6 0 0.0896171243206
0.61 0 0.0896384305174
0.62 0 0.0898370080367
0.63 0 0.0901000084423
0.64 0 0.0901073947545
0.65 0 0.0899285396001
0.66 0 0.0903104641294
0.67 0 0.0905538950204
0.68 0 0.0907630235208
0.69 0 0.0911786167101
0.7 0 0.0903072312686
0.71 0 0.0906055999647
0.72 0 0.0908508266541
0.73 0 0.0903020102388
0.74 0 0.0915486324751
0.75 0 0.0910078642699
0.76 0 0.0913652993265
0.77 0 0.0911570214164
0.78 0 0.0907212596474
0.79 0 0.0915517827682
0.8 0 0.0924460704237
0.81 0 0.0911692782963
0.82 0 0.0913630061559
0.83 0 0.0915304146475
0.84 0 0.0912753565656
0.85 0 0.0915717095983
0.86 0 0.0914429064973
0.87 0 0.0915217674906
0.88 0 0.0918106442921
0.89 0 0.0919093408419
0.9 0 0.0921063898464
0.91 0 0.0923603125124
0.92 0 0.0920851300982
0.93 0 0.0918862990624
0.94 0 0.0922742116117
0.95 0 0.0922532426064
0.96 0 0.0924453537728
0.97 0 0.0920210153433
0.98 0 0.0925968356914
0.99 0 0.092690937529
1.0 0 0.0923991511169
