0.0 0 0.0
0.01 0 0.415025992439
0.02 0 0.415344143832
0.03 0 0.410690561224
0.04 0 0.411930123824
0.05 0 0.409837707283
0.06 0 0.410815928116
0.07 0 0.409478268144
0.08 0 0.410253763556
0.09 0 0.409360564805
0.1 0 0.409917126218
0.11 0 0.409209986195
0.12 0 0.409693559938
0.13 0 0.40928908034
0.14 0 0.409531760759
0.15 0 0.409341715455
0.16 0 0.409413983309
0.17 0 0.40899077539
0.18 0 0.409359505027
0.19 0 0.4089455821
0.2 0 0.40928264373
0.21 0 0.409551077149
0.22 0 0.409319491131
0.23 0 0.409465397805
0.24 0 0.409163032544
0.25 0 0.409392948147
0.26 0 0.409204532307
0.27 0 0.409442458103
0.28 0 0.409079521623
0.29 0 0.409307031714
0.3 0 0.409120744687
0.31 0 0.409258955771
0.32 0 0.409086915723
0.33 0 0.409285248557
0.34 0 0.408989775627
0.35 0 0.409181284356
0.36 0 0.40898706044
0.37 0 0.409148434537
0.38 0 0.408965825121
0.39 0 0.409176401772
0.4 0 0.409002826843
0.41 0 0.409310812615
0.42 0 0.409248309585
0.43 0 0.409120211439
0.44 0 0.409216963778
0.45 0 0.409112365643
0.46 0 0.409384896947
0.47 0 0.409042041522
0.48 0 0.409304637813
0.49 0 0.409114185114
0.5 0 0.409320238266
0.51 0 0.409093174874
0.52 0 0.409204247275
0.53 0 0.409073340262
0.54 0 0.40919569477
0.55 0 0.408973952343
0.56 0 0.409093259628
0.57 0 0.409038840724
0.58 0 0.409114194952
0.59 0 0.40898503532
0.6 0 0.409170574228
0.61 0 0.409301742727
0.62 0 0.409187761559
0.63 0 0.409182951799
0.64 0 0.409168037332
0.65 0 0.409233978232
0.66 0 0.409116253679
0.67 0 0.409180688429
0.68 0 0.409199306014
0.69 0 0.409260489224
0.7 0 0.409149647685
0.71 0 0.409241259505
0.72 0 0.409050636957
0.73 0 0.409253046942
0.74 0 0.409098275184
0.75 0 0.409295321525
0.76 0 0.409113995214
0.77 0 0.409189206003
0.78 0 0.409128773855
0.79 0 0.409258402561
0.8 0 0.40903076985
0.81 0 0.409112292183
0.82 0 0.409320175742
0.83 0 0.40904584191
0.84 0 0.409275767338
0.85 0 0.409087413901
0.86 0 0.409389657581
0.87 0 0.409075703588
0.88 0 0.409243652945
0.89 0 0.409190132479
0.9 0 0.409287005699
0.91 0 0.409102989629
0.92 0 0.40922243344
0.93 0 0.409114877651
0.94 0 0.409209036881
0.95 0 0.409151254989
0.96 0 0.409358543122
0.97 0 0.409116299213
0.98 0 0.409251230611
0.99 0 0.409203180363
1.0 0 0.409170897849
