0.0 0 0.389525326923
0.01 300 0.460484275391
0.02 600 0.468699492394
0.03 900 0.443851433802
0.04 1200 0.464096044507
0.05 1500 0.453867280519
0.06 1800 0.456220075686
0.07 2100 0.462169381321
0.08 2400 0.450028363533
0.09 2700 0.458687558946
0.1 3000 0.444969553779
0.11 3300 0.463145769343
0.12 3600 0.459902036041
0.13 3900 0.449032594762
0.14 4200 0.462889252678
0.15 4500 0.457227184581
0.16 4800 0.46533500754
0.17 5100 0.444724258037
0.18 5400 0.457777967161
0.19 5700 0.449425895276
0.2 6000 0.460513986564
0.21 6300 0.461191126062
0.22 6600 0.462579587458
0.23 6900 0.458978315553
0.24 7200 0.46367310167
0.25 7500 0.429528494269
0.26 7800 0.463019123735
0.27 8100 0.461252839512
0.28 8400 0.442273377895
0.29 8700 0.460998526623
0.3 9000 0.456236770078
0.31 9300 0.421245026711
0.32 9600 0.462208824796
0.33 9900 0.432882817656
0.34 10200 0.460195725106
0.35 10500 0.46114250269
0.36 10800 0.460765461327
0.37 11100 0.450851590542
0.38 11400 0.444181641248
0.39 11700 0.447947975301
0.4 12000 0.422536098563
0.41 12300 0.452992422442
0.42 12600 0.454437491296
0.43 12900 0.463082598333
0.44 13200 0.454902497234
0.45 13500 0.463781595936
0.46 13800 0.449792416006
0.47 14100 0.450298375461
0.48 14400 0.436397832212
0.49 14700 0.456128709985
0.5 15000 0.460770513016
0.51 15300 0.460970748057
0.52 15600 0.46125460098
0.53 15900 0.457730935621
0.54 16200 0.427923550489
0.55 16500 0.452256656179
0.56 16800 0.464774436672
0.57 17094 0.439591216029
0.58 17400 0.457016644386
0.59 17700 0.460936449047
0.6 18000 0.449861277172
0.61 18300 0.46314845411
0.62 18600 0.455766521413
0.63 18900 0.444584399702
0.64 19200 0.457593673362
0.65 19500 0.451513710109
0.66 19800 0.438004971331
0.67 20100 0.441742685882
0.68 20400 0.441071604964
0.69 20694 0.444926264155
0.7 21000 0.459498905405
0.71 21300 0.46047088886
0.72 21600 0.46419232369
0.73 21900 0.444666197726
0.74 22200 0.443266290235
0.75 22500 0.448796063186
0.76 22800 0.448955603575
0.77 23100 0.450478994901
0.78 23400 0.431256736629
0.79 23700 0.443691230071
0.8 24000 0.450390076372
0.81 24300 0.459489123232
0.82 24600 0.455775344168
0.83 24900 0.454982527655
0.84 25200 0.458388543165
0.85 25500 0.414831802781
0.86 25800 0.461312494869
0.87 26100 0.460886102046
0.88 26400 0.456316489394
0.89 26700 0.430250890915
0.9 27000 0.458876383375
0.91 27300 0.461594365173
0.92 27600 0.451606060874
0.93 27900 0.445017899691
0.94 28200 0.451765856637
0.95 28500 0.454437213823
0.96 28800 0.452903513009
0.97 29100 0.465038688515
0.98 29400 0.455308068013
0.99 29700 0.439264867225
1.0 30000 0.452956148767
