0.0 0 0.406260779415
0.01 300 0.499368559417
0.02 600 0.490222422923
0.03 900 0.494735711292
0.04 1200 0.470073507972
0.05 1500 0.491208723594
0.06 1800 0.480382897345
0.07 2100 0.48468257206
0.08 2400 0.496066216933
0.09 2700 0.463843162608
0.1 3000 0.497903879153
0.11 3300 0.494851750569
0.12 3600 0.485267518463
0.13 3900 0.476297020866
0.14 4200 0.492267725966
0.15 4500 0.479312147622
0.16 4800 0.477377676749
0.17 5100 0.469616431121
0.18 5400 0.481102099242
0.19 5700 0.484705910792
0.2 6000 0.483636127414
0.21 6300 0.494023540821
0.22 6600 0.494255176318
0.23 6900 0.493585160585
0.24 7200 0.450256183153
0.25 7500 0.471334383764
0.26 7800 0.487907952316
0.27 8100 0.486855225858
0.28 8400 0.489429198958
0.29 8700 0.489845212611
0.3 9000 0.494191253067
0.31 9300 0.471661053186
0.32 9600 0.485398807497
0.33 9900 0.46282453824
0.34 10200 0.490551880479
0.35 10500 0.485314712225
0.36 10800 0.454276722984
0.37 11100 0.49130815094
0.38 11400 0.494916913638
0.39 11700 0.488139223554
0.4 12000 0.4842835105
0.41 12300 0.48747287459
0.42 12600 0.48813002086
0.43 12900 0.497143110988
0.44 13200 0.489516344829
0.45 13500 0.486235570346
0.46 13800 0.489780817483
0.47 14100 0.49351199624
0.48 14400 0.491184240344
0.49 14700 0.479622411688
0.5 15000 0.492672273441
0.51 15300 0.49052624553
0.52 15600 0.489412259793
0.53 15900 0.498324402744
0.54 16200 0.481080729593
0.55 16500 0.496326084473
0.56 16800 0.463807873556
0.57 17094 0.483245042513
0.58 17400 0.491584054484
0.59 17700 0.473539621628
0.6 18000 0.486338642516
0.61 18300 0.49105476033
0.62 18600 0.490693401675
0.63 18900 0.466853713125
0.64 19200 0.49077060545
0.65 19500 0.463952877241
0.66 19800 0.494840043255
0.67 20100 0.473688596191
0.68 20400 0.485812486001
0.69 20694 0.482061976501
0.7 21000 0.486645705936
0.71 21300 0.489066796067
0.72 21600 0.486223210186
0.73 21900 0.492928158329
0.74 22200 0.463522206771
0.75 22500 0.49295290791
0.76 22800 0.489125182198
0.77 23100 0.476164067837
0.78 23400 0.475919012991
0.79 23700 0.48779801518
0.8 24000 0.494879849531
0.81 24300 0.493463969395
0.82 24600 0.47542711811
0.83 24900 0.463497238589
0.84 25200 0.496831281665
0.85 25500 0.491819738523
0.86 25800 0.492827346783
0.87 26100 0.492852122706
0.88 26400 0.446551202434
0.89 26700 0.462137439984
0.9 27000 0.487105649988
0.91 27300 0.474990810913
0.92 27600 0.493005030118
0.93 27900 0.477237120851
0.94 28200 0.486593871646
0.95 28500 0.473607680027
0.96 28800 0.477359647266
0.97 29100 0.491673323817
0.98 29400 0.483681827035
0.99 29700 0.482905459604
1.0 30000 0.483684842803
