0.0 0 0.372860921623
0.01 300 0.523565750153
0.02 600 0.518315725687
0.03 900 0.497842266683
0.04 1200 0.505671525825
0.05 1500 0.528752368422
0.06 1800 0.520109605965
0.07 2100 0.514109508469
0.08 2400 0.52814532002
0.09 2700 0.520099843061
0.1 3000 0.524229913363
0.11 3300 0.526353076682
0.12 3600 0.516767799946
0.13 3900 0.5136027248
0.14 4200 0.516825677541
0.15 4500 0.531234862599
0.16 4800 0.526402733244
0.17 5100 0.531412188795
0.18 5400 0.522845309244
0.19 5700 0.522104708791
0.2 6000 0.523838119558
0.21 6300 0.532345358707
0.22 6600 0.531009536215
0.23 6900 0.518195193646
0.24 7200 0.524371691439
0.25 7500 0.529120038762
0.26 7800 0.526570783967
0.27 8100 0.518326797085
0.28 8400 0.518723900131
0.29 8700 0.515790581176
0.3 9000 0.518536213894
0.31 9300 0.526134657674
0.32 9600 0.531044088876
0.33 9900 0.519717901779
0.34 10200 0.521060448188
0.35 10500 0.522407431436
0.36 10800 0.514605773916
0.37 11100 0.52124018532
0.38 11400 0.524821077495
0.39 11700 0.519971406884
0.4 12000 0.523143297531
0.41 12300 0.522576611547
0.42 12600 0.525771556963
0.43 12900 0.523596262104
0.44 13200 0.516752623565
0.45 13500 0.517276002013
0.46 13800 0.527507386223
0.47 14100 0.518179613924
0.48 14400 0.527930161653
0.49 14700 0.518301103192
0.5 15000 0.523916975461
0.51 15300 0.526713917619
0.52 15600 0.505218427489
0.53 15900 0.519955745137
0.54 16200 0.519882004466
0.55 16500 0.52761671915
0.56 16800 0.494791729184
0.57 17094 0.522312111797
0.58 17400 0.53215934283
0.59 17700 0.512964457676
0.6 18000 0.517116539483
0.61 18300 0.51969444398
0.62 18600 0.522028199516
0.63 18900 0.520186407705
0.64 19200 0.512396173248
0.65 19500 0.526256773393
0.66 19800 0.519405890264
0.67 20100 0.518876716586
0.68 20400 0.527124400952
0.69 20694 0.528347917603
0.7 21000 0.492089457659
0.71 21300 0.462483204382
0.72 21600 0.520802352197
0.73 21900 0.519838862411
0.74 22200 0.526924619058
0.75 22500 0.517912407852
0.76 22800 0.502581380831
0.77 23100 0.525047764741
0.78 23400 0.508163748292
0.79 23700 0.526465235968
0.8 24000 0.492404167973
0.81 24300 0.529167079984
0.82 24600 0.526690898424
0.83 24900 0.517185210401
0.84 25200 0.519068792077
0.85 25500 0.531268710236
0.86 25800 0.509169725981
0.87 26100 0.512911644555
0.88 26400 0.527235116357
0.89 26700 0.520621472531
0.9 27000 0.517636424817
0.91 27300 0.521682611917
0.92 27600 0.522369687183
0.93 27900 0.506553906429
0.94 28200 0.502377976474
0.95 28500 0.504788186584
0.96 28800 0.528496464705
0.97 29100 0.513273333598
0.98 29400 0.522351518987
0.99 29700 0.51990819871
1.0 30000 0.523295350962
