0.0 0 0.402845820976
0.01 300 0.546244097545
0.02 600 0.550138752013
0.03 900 0.54534166149
0.04 1200 0.54361745664
0.05 1500 0.560735867904
0.06 1800 0.53949635016
0.07 2100 0.536087632608
0.08 2400 0.542318848515
0.09 2697 0.545471991025
0.1 3000 0.554878617817
0.11 3300 0.556621757682
0.12 3600 0.557336062314
0.13 3900 0.559669926645
0.14 4200 0.550408923424
0.15 4500 0.562739938444
0.16 4800 0.546898784702
0.17 5100 0.550627302233
0.18 5397 0.545184914108
0.19 5697 0.554007822217
0.2 6000 0.553032836491
0.21 6300 0.545577560221
0.22 6600 0.556336994778
0.23 6900 0.556394372777
0.24 7200 0.525899213079
0.25 7500 0.560421049125
0.26 7800 0.556561463911
0.27 8100 0.565649315103
0.28 8400 0.542541930107
0.29 8700 0.56089931355
0.3 9000 0.537382118164
0.31 9300 0.524717519731
0.32 9600 0.560421528617
0.33 9900 0.551050249507
0.34 10200 0.508093654849
0.35 10497 0.548458273682
0.36 10797 0.564911666887
0.37 11097 0.552807707763
0.38 11397 0.551440800458
0.39 11697 0.55465085731
0.4 12000 0.54964760725
0.41 12300 0.525751384709
0.42 12600 0.552246818345
0.43 12900 0.554773959082
0.44 13200 0.550387645621
0.45 13500 0.556349450383
0.46 13800 0.559213499217
0.47 14100 0.563806972246
0.48 14400 0.549580889024
0.49 14700 0.562136684487
0.5 15000 0.530170312386
0.51 15300 0.554007803406
0.52 15600 0.551396041771
0.53 15900 0.554418980044
0.54 16200 0.556193044885
0.55 16500 0.553494021416
0.56 16800 0.534739924649
0.57 17097 0.550962470428
0.58 17400 0.552008210375
0.59 17700 0.547319723905
0.6 18000 0.535168460059
0.61 18300 0.556671426895
0.62 18600 0.558632874933
0.63 18900 0.546273990176
0.64 19200 0.556374148003
0.65 19500 0.547545772939
0.66 19800 0.544654209961
0.67 20100 0.536451482381
0.68 20400 0.549542493699
0.69 20697 0.54930352048
0.7 20997 0.558886867309
0.71 21297 0.550194741001
0.72 21597 0.516548698245
0.73 21897 0.554169992473
0.74 22197 0.562119655024
0.75 22497 0.536797491516
0.76 22797 0.550674744306
0.77 23097 0.55529745863
0.78 23397 0.558714068418
0.79 23700 0.541486127401
0.8 24000 0.536840606363
0.81 24300 0.551863369634
0.82 24600 0.54775760965
0.83 24900 0.552564135567
0.84 25200 0.557388139351
0.85 25500 0.55325460756
0.86 25800 0.547263788452
0.87 26100 0.555567510836
0.88 26400 0.559636854707
0.89 26700 0.559060682401
0.9 27000 0.563659941653
0.91 27300 0.559939298744
0.92 27600 0.546095354203
0.93 27900 0.54179929216
0.94 28200 0.542534885966
0.95 28500 0.559224662192
0.96 28800 0.559805737827
0.97 29100 0.539863226692
0.98 29400 0.544366917437
0.99 29700 0.555318287326
1.0 30000 0.541187565852
