0.0 0 0.415345003798
0.01 300 0.580586129487
0.02 600 0.58536885066
0.03 900 0.587601372978
0.04 1200 0.587667242043
0.05 1500 0.588268069735
0.06 1800 0.590616544353
0.07 2100 0.574271086566
0.08 2400 0.555200014132
0.09 2700 0.589505805343
0.1 3000 0.558767629297
0.11 3300 0.577601257736
0.12 3600 0.583714509474
0.13 3900 0.574265010987
0.14 4200 0.586190520862
0.15 4500 0.592172494706
0.16 4800 0.588031847564
0.17 5100 0.58820329048
0.18 5400 0.58944056336
0.19 5700 0.578569044763
0.2 6000 0.565404678667
0.21 6300 0.583668866504
0.22 6600 0.591651553024
0.23 6900 0.57036169864
0.24 7200 0.56888122809
0.25 7500 0.593689945623
0.26 7800 0.573495640591
0.27 8100 0.583220493184
0.28 8400 0.596108577943
0.29 8700 0.590781880125
0.3 9000 0.590135004783
0.31 9300 0.578880515613
0.32 9600 0.578407458585
0.33 9900 0.585036326144
0.34 10200 0.583098744064
0.35 10500 0.575889581122
0.36 10800 0.594572035941
0.37 11100 0.59741656169
0.38 11400 0.596797897987
0.39 11700 0.584704542427
0.4 12000 0.598734983568
0.41 12300 0.597628623536
0.42 12600 0.592002069161
0.43 12900 0.581841466771
0.44 13200 0.590750896008
0.45 13500 0.59789214294
0.46 13800 0.582276086496
0.47 14100 0.592412003208
0.48 14400 0.587077334867
0.49 14700 0.592123974962
0.5 15000 0.579024018006
0.51 15300 0.59320522433
0.52 15600 0.543089094244
0.53 15900 0.596495997204
0.54 16200 0.578090125813
0.55 16500 0.578974920163
0.56 16800 0.572950463305
0.57 17097 0.5931434102
0.58 17400 0.590587562286
0.59 17700 0.598928273264
0.6 18000 0.588836552144
0.61 18300 0.587477146135
0.62 18600 0.581332534822
0.63 18900 0.588048837976
0.64 19200 0.589555729011
0.65 19500 0.575788869474
0.66 19800 0.593169844681
0.67 20100 0.562508087459
0.68 20400 0.594931527917
0.69 20697 0.58573241031
0.7 21000 0.588313788508
0.71 21300 0.593280223124
0.72 21600 0.57779150291
0.73 21900 0.576878895009
0.74 22200 0.581263191468
0.75 22500 0.589156402977
0.76 22800 0.594142294746
0.77 23100 0.596485267558
0.78 23400 0.580859073712
0.79 23700 0.580964076885
0.8 24000 0.577314088748
0.81 24300 0.558062664203
0.82 24600 0.584253663218
0.83 24900 0.595490658145
0.84 25200 0.589765531033
0.85 25500 0.586395162654
0.86 25800 0.586836727099
0.87 26100 0.58417308733
0.88 26400 0.591295655133
0.89 26700 0.597253532063
0.9 27000 0.570157975778
0.91 27300 0.580817141999
0.92 27600 0.572580474376
0.93 27900 0.595715996905
0.94 28200 0.58695750645
0.95 28500 0.591498582608
0.96 28800 0.583148646384
0.97 29100 0.58800987431
0.98 29400 0.593095339513
0.99 29700 0.591936660462
1.0 30000 0.597900394524
