0.0 0 0.39141204256
0.01 300 0.610543075254
0.02 600 0.609071652627
0.03 900 0.623133167519
0.04 1200 0.600007953198
0.05 1500 0.621342347997
0.06 1800 0.628285422482
0.07 2100 0.602172993905
0.08 2400 0.625349904457
0.09 2700 0.615336766144
0.1 3000 0.611276878792
0.11 3300 0.621642440473
0.12 3600 0.628432649991
0.13 3900 0.615968561702
0.14 4200 0.613264781258
0.15 4500 0.627109819311
0.16 4800 0.621933479766
0.17 5100 0.615205079968
0.18 5400 0.627419354573
0.19 5700 0.616811882761
0.2 6000 0.627662528897
0.21 6300 0.625312398603
0.22 6600 0.623863932461
0.23 6900 0.628034112895
0.24 7200 0.628030023248
0.25 7500 0.615993331846
0.26 7800 0.6064663864
0.27 8100 0.631116932932
0.28 8400 0.607434103377
0.29 8700 0.627120379253
0.3 9000 0.596178680304
0.31 9300 0.61304516079
0.32 9600 0.616067475816
0.33 9900 0.585771195385
0.34 10200 0.626369655008
0.35 10500 0.629597468618
0.36 10800 0.612869482724
0.37 11100 0.629475655636
0.38 11400 0.61732224098
0.39 11700 0.593927435868
0.4 12000 0.620055899432
0.41 12300 0.616631119404
0.42 12600 0.595430049652
0.43 12900 0.631771637387
0.44 13200 0.623728935482
0.45 13500 0.60887633633
0.46 13800 0.617938987924
0.47 14100 0.622419362801
0.48 14400 0.613998321989
0.49 14700 0.591379176578
0.5 15000 0.614652537188
0.51 15300 0.629908594401
0.52 15600 0.586467446031
0.53 15900 0.623120337213
0.54 16200 0.614462735777
0.55 16500 0.617744200099
0.56 16800 0.63105562521
0.57 17097 0.618972866098
0.58 17400 0.632044489389
0.59 17700 0.609549462489
0.6 18000 0.626729739035
0.61 18300 0.594161607663
0.62 18600 0.615241451734
0.63 18900 0.62292105819
0.64 19200 0.581522560528
0.65 19500 0.599697285525
0.66 19800 0.627948436959
0.67 20100 0.612581070706
0.68 20400 0.628211073873
0.69 20697 0.631345940039
0.7 21000 0.625705398537
0.71 21300 0.62566611175
0.72 21600 0.628684016659
0.73 21900 0.615956867878
0.74 22200 0.608543406783
0.75 22500 0.618504009926
0.76 22800 0.600001275491
0.77 23100 0.606504381063
0.78 23400 0.628548214659
0.79 23700 0.621952337242
0.8 24000 0.607314511408
0.81 24300 0.626310584233
0.82 24600 0.620418744684
0.83 24900 0.605582709732
0.84 25200 0.630359647154
0.85 25500 0.578958270702
0.86 25800 0.61419773513
0.87 26100 0.621630636438
0.88 26400 0.627671249578
0.89 26700 0.59589839598
0.9 27000 0.628394085683
0.91 27300 0.609342759177
0.92 27600 0.617326576621
0.93 27900 0.625750546042
0.94 28200 0.620841145102
0.95 28500 0.603495977138
0.96 28800 0.601167714282
0.97 29100 0.614993418064
0.98 29400 0.626767105592
0.99 29700 0.604863405161
1.0 30000 0.605021219742
