0.0 0 0.0
0.01 0 -0.148465236686
0.02 0 -0.137109269313
0.03 0 -0.133302617187
0.04 0 -0.132470893411
0.05 0 -0.131160472932
0.06 0 -0.13043815571
0.07 0 -0.129828712614
0.08 0 -0.129653006848
0.09 0 -0.129302522902
0.1 0 -0.129102054695
0.11 0 -0.128739499683
0.12 0 -0.128556526402
0.13 0 -0.12824611634
0.14 0 -0.127906077067
0.15 0 -0.128203965944
0.16 0 -0.128130177379
0.17 0 -0.127565442067
0.18 0 -0.127601489172
0.19 0 -0.127606016956
0.2 0 -0.127269677074
0.21 0 -0.12809966855
0.22 0 -0.128608594027
0.23 0 -0.12792071353
0.24 0 -0.127736709145
0.25 0 -0.127698195426
0.26 0 -0.127710891461
0.27 0 -0.127423510928
0.28 0 -0.127240073337
0.29 0 -0.127372256067
0.3 0 -0.127394423091
0.31 0 -0.127332621415
0.32 0 -0.1273513063
0.33 0 -0.126696974158
0.34 0 -0.126841841902
0.35 0 -0.126917776082
0.36 0 -0.126378943008
0.37 0 -0.126787409481
0.38 0 -0.126490563501
0.39 0 -0.126175753708
0.4 0 -0.126446960043
0.41 0 -0.127193992021
0.42 0 -0.126851400023
0.43 0 -0.126433423934
0.44 0 -0.126836556664
0.45 0 -0.126408123071
0.46 0 -0.126453167265
0.47 0 -0.126367594745
0.48 0 -0.126392162318
0.49 0 -0.126002620153
0.5 0 -0.125885136768
0.51 0 -0.125878636531
0.52 0 -0.125808970608
0.53 0 -0.126129234199
0.54 0 -0.12582829126
0.55 0 -0.125686089364
0.56 0 -0.125467079042
0.57 0 -0.125681657194
0.58 0 -0.125498861887
0.59 0 -0.125776099935
0.6 0 -0.125471397359
0.61 0 -0.125419277686
0.62 0 -0.125395633868
0.63 0 -0.12554647557
0.64 0 -0.124983568537
0.65 0 -0.125194416969
0.66 0 -0.125086430036
0.67 0 -0.124950441793
0.68 0 -0.124774054265
0.69 0 -0.124987928656
0.7 0 -0.125181233043
0.71 0 -0.124593215766
0.72 0 -0.124589711823
0.73 0 -0.124353138743
0.74 0 -0.124644637752
0.75 0 -0.12404244588
0.76 0 -0.124703671558
0.77 0 -0.124424699878
0.78 0 -0.124218580895
0.79 0 -0.124195942497
0.8 0 -0.124229378545
0.81 0 -0.12378511781
0.82 0 -0.124236698275
0.83 0 -0.124205457441
0.84 0 -0.124321001493
0.85 0 -0.123913942365
0.86 0 -0.123732632633
0.87 0 -0.123933910544
0.88 0 -0.123773955301
0.89 0 -0.123523230095
0.9 0 -0.123568918393
0.91 0 -0.123244850468
0.92 0 -0.12348024547
0.93 0 -0.123384334816
0.94 0 -0.123066060518
0.95 0 -0.123111985146
0.96 0 -0.122763230982
0.97 0 -0.123258377278
0.98 0 -0.12285655545
0.99 0 -0.123058828795
1.0 0 -0.122717540436
