0.0 0 0.0
0.01 0 -0.0365339604592
0.02 0 -0.0316181443222
0.03 0 -0.0300605688841
0.04 0 -0.0284423599602
0.05 0 -0.0293380489865
0.06 0 -0.026936585955
0.07 0 -0.0272692350012
0.08 0 -0.0272576845768
0.09 0 -0.0277665111378
0.1 0 -0.0272897397895
0.11 0 -0.0275692738121
0.12 0 -0.027363520513
0.13 0 -0.0272510332234
0.14 0 -0.0274592530314
0.15 0 -0.0274214311469
0.16 0 -0.0267465920619
0.17 0 -0.0270605507906
0.18 0 -0.02645624532
0.19 0 -0.0263154792433
0.2 0 -0.0262489436703
0.21 0 -0.0268160430758
0.22 0 -0.0265659843225
0.23 0 -0.0266041883929
0.24 0 -0.0260338835744
0.25 0 -0.0262017134649
0.26 0 -0.0263393716894
0.27 0 -0.0262199139096
0.28 0 -0.0259201949462
0.29 0 -0.025398282095
0.3 0 -0.0253021699979
0.31 0 -0.0252778284065
0.32 0 -0.0258023385763
0.33 0 -0.0249924341276
0.34 0 -0.0253234981251
0.35 0 -0.0258919689288
0.36 0 -0.0256911877784
0.37 0 -0.025131321146
0.38 0 -0.0248790768377
0.39 0 -0.0251706900226
0.4 0 -0.0246284790347
0.41 0 -0.0251164564816
0.42 0 -0.0244117946389
0.43 0 -0.0248864173824
0.44 0 -0.0245048589968
0.45 0 -0.0238756471088
0.46 0 -0.0242628621428
0.47 0 -0.0240472570398
0.48 0 -0.0245239829781
0.49 0 -0.0248048395561
0.5 0 -0.0238207299799
0.51 0 -0.0245134235982
0.52 0 -0.0237566805739
0.53 0 -0.0235657805587
0.54 0 -0.0236142594839
0.55 0 -0.0238995475984
0.56 0 -0.0240752493723
0.57 0 -0.0233351781286
0.58 0 -0.0237950786284
0.59 0 -0.0235019555419
0.6 0 -0.0225697275851
0.61 0 -0.0238423635125
0.62 0 -0.0233557784305
0.63 0 -0.0227954912189
0.64 0 -0.0232811550312
0.65 0 -0.0231904135033
0.66 0 -0.0230452732159
0.67 0 -0.022694602416
0.68 0 -0.0225285313236
0.69 0 -0.0228849030384
0.7 0 -0.0220892101411
0.71 0 -0.0230029948586
0.72 0 -0.0231279607209
0.73 0 -0.0224912798775
0.74 0 -0.0225291203711
0.75 0 -0.0220622512869
0.76 0 -0.0222210727819
0.77 0 -0.0224058484564
0.78 0 -0.0222111277781
0.79 0 -0.0222070889882
0.8 0 -0.0223484748996
0.81 0 -0.0215704351507
0.82 0 -0.0217709304059
0.83 0 -0.0216854149595
0.84 0 -0.022042900928
0.85 0 -0.0218691984791
0.86 0 -0.0211402369728
0.87 0 -0.0211027062603
0.88 0 -0.0209642629938
0.89 0 -0.0208858065194
0.9 0 -0.0211243968202
0.91 0 -0.0210995167783
0.92 0 -0.0210492256748
0.93 0 -0.0206423334593
0.94 0 -0.0208197611432
0.95 0 -0.0204862408603
0.96 0 -0.0209816739372
0.97 0 -0.0204152358198
0.98 0 -0.0203992843023
0.99 0 -0.0207161292427
1.0 0 -0.0197625720346
