0.0 0 0.0
0.01 0 0.0502974765869
0.02 0 0.0566175044092
0.03 0 0.0584456509695
0.04 0 0.0572226600647
0.05 0 0.0587573546406
0.06 0 0.0597389260641
0.07 0 0.0569268500092
0.08 0 0.0574173781944
0.09 0 0.0585154583712
0.1 0 0.0577482993343
0.11 0 0.0586187240355
0.12 0 0.0585337689329
0.13 0 0.0587034197497
0.14 0 0.0576167359041
0.15 0 0.0587914365262
0.16 0 0.0581120469224
0.17 0 0.0589457929352
0.18 0 0.0592825130804
0.19 0 0.0589660710783
0.2 0 0.0589793635347
0.21 0 0.0587574320932
0.22 0 0.058780017979
0.23 0 0.0593655833043
0.24 0 0.0593597903158
0.25 0 0.0592209987618
0.26 0 0.0597629374737
0.27 0 0.059824287613
0.28 0 0.0595482808054
0.29 0 0.0599035606795
0.3 0 0.0597619834647
0.31 0 0.0602152007334
0.32 0 0.0595059243604
0.33 0 0.0603556184618
0.34 0 0.0595149022784
0.35 0 0.0601083788797
0.36 0 0.0601732852792
0.37 0 0.0600320957743
0.38 0 0.0606359806676
0.39 0 0.060634560363
0.4 0 0.0607061271736
0.41 0 0.0605329802953
0.42 0 0.0607382663905
0.43 0 0.0610018931347
0.44 0 0.0605803182416
0.45 0 0.0607104139159
0.46 0 0.0604157845031
0.47 0 0.0607434118766
0.48 0 0.0614650377732
0.49 0 0.0608195239985
0.5 0 0.0610449553775
0.51 0 0.0611710150298
0.52 0 0.0608821955642
0.53 0 0.0618826723164
0.54 0 0.0615736759056
0.55 0 0.0618935711458
0.56 0 0.0621941680137
0.57 0 0.0614210806178
0.58 0 0.0611300827422
0.59 0 0.0619529388165
0.6 0 0.062148224045
0.61 0 0.0620576768082
0.62 0 0.0618450443835
0.63 0 0.0623248231632
0.64 0 0.0621784705289
0.65 0 0.0620026630208
0.66 0 0.062457584367
0.67 0 0.063345747333
0.68 0 0.0625265342168
0.69 0 0.0627435973
0.7 0 0.0626759715656
0.71 0 0.0624852589498
0.72 0 0.0628958053652
0.73 0 0.0631855786138
0.74 0 0.0632584644903
0.75 0 0.0627953945128
0.76 0 0.0632035751227
0.77 0 0.0633761567985
0.78 0 0.0630432556389
0.79 0 0.0628594182476
0.8 0 0.0639193976143
0.81 0 0.0636800986951
0.82 0 0.063392073579
0.83 0 0.0637767380474
0.84 0 0.0636462849658
0.85 0 0.0642148736434
0.86 0 0.0636755045643
0.87 0 0.0638449250849
0.88 0 0.0632185333893
0.89 0 0.0641378640192
0.9 0 0.0642296802205
0.91 0 0.0639938434435
0.92 0 0.0643734575643
0.93 0 0.0641534001254
0.94 0 0.0642753593466
0.95 0 0.064699355712
0.96 0 0.0642609951887
0.97 0 0.0644823960635
0.98 0 0.0651211185022
0.99 0 0.0645192274624
1.0 0 0.0646177771811
