0.0 0 0.0
0.01 0 0.133547405877
0.02 0 0.131862510813
0.03 0 0.131654903855
0.04 0 0.131852858722
0.05 0 0.13166865482
0.06 0 0.130186905382
0.07 0 0.132109971244
0.08 0 0.131911695041
0.09 0 0.132639681972
0.1 0 0.132067581101
0.11 0 0.132241854705
0.12 0 0.131502774277
0.13 0 0.130867985703
0.14 0 0.132722231645
0.15 0 0.131977536723
0.16 0 0.131853214641
0.17 0 0.132407949545
0.18 0 0.131736388491
0.19 0 0.131780319703
0.2 0 0.132819711446
0.21 0 0.132254666613
0.22 0 0.132015661475
0.23 0 0.132780664256
0.24 0 0.132303317318
0.25 0 0.13193654193
0.26 0 0.132303663137
0.27 0 0.13277759104
0.28 0 0.132589774418
0.29 0 0.13285242397
0.3 0 0.132282533202
0.31 0 0.132975944495
0.32 0 0.132158047425
0.33 0 0.133183628703
0.34 0 0.13371563241
0.35 0 0.132835773173
0.36 0 0.133068002716
0.37 0 0.133098991818
0.38 0 0.133044722837
0.39 0 0.132895490107
0.4 0 0.132406861616
0.41 0 0.13330070155
0.42 0 0.132855462705
0.43 0 0.133839130895
0.44 0 0.133602444418
0.45 0 0.133287955749
0.46 0 0.133746537207
0.47 0 0.133922697836
0.48 0 0.134051367636
0.49 0 0.133796621102
0.5 0 0.133579038402
0.51 0 0.133585296958
0.52 0 0.133950644075
0.53 0 0.134105246989
0.54 0 0.133937299272
0.55 0 0.134294238817
0.56 0 0.134084723466
0.57 0 0.134808889879
0.58 0 0.134516901805
0.59 0 0.134355422277
0.6 0 0.134733222379
0.61 0 0.13446500993
0.62 0 0.134624226786
0.63 0 0.134736719127
0.64 0 0.134819555321
0.65 0 0.135105031827
0.66 0 0.134741017391
0.67 0 0.134985046297
0.68 0 0.135316806656
0.69 0 0.135492449446
0.7 0 0.135438011185
0.71 0 0.135455070422
0.72 0 0.135074481199
0.73 0 0.135502125777
0.74 0 0.135694886798
0.75 0 0.135776874527
0.76 0 0.13588457195
0.77 0 0.135511846316
0.78 0 0.135810391077
0.79 0 0.13557943286
0.8 0 0.135070866364
0.81 0 0.13581163306
0.82 0 0.135602348993
0.83 0 0.135496460506
0.84 0 0.135864454698
0.85 0 0.135975559308
0.86 0 0.135987601165
0.87 0 0.136084046592
0.88 0 0.13630133277
0.89 0 0.136221482675
0.9 0 0.13603461024
0.91 0 0.13643045968
0.92 0 0.1369344834
0.93 0 0.136523731804
0.94 0 0.136463081098
0.95 0 0.136700061204
0.96 0 0.136991675734
0.97 0 0.136977831443
0.98 0 0.137025707922
0.99 0 0.136943285979
1.0 0 0.136821151082
