0.0 0 0.0
0.01 0 0.194075135031
0.02 0 0.197224702102
0.03 0 0.194799793158
0.04 0 0.195719911318
0.05 0 0.196168066187
0.06 0 0.194229917417
0.07 0 0.195072497242
0.08 0 0.194213297396
0.09 0 0.194439247816
0.1 0 0.195216033637
0.11 0 0.194943134534
0.12 0 0.195719963819
0.13 0 0.195145479957
0.14 0 0.194949612768
0.15 0 0.195252565104
0.16 0 0.195231885705
0.17 0 0.19518854355
0.18 0 0.195907846402
0.19 0 0.195612588481
0.2 0 0.19553493639
0.21 0 0.195295589087
0.22 0 0.195884664913
0.23 0 0.195893425804
0.24 0 0.195833220712
0.25 0 0.195209108108
0.26 0 0.19570976949
0.27 0 0.195354090173
0.28 0 0.195526472694
0.29 0 0.195489252313
0.3 0 0.195977075453
0.31 0 0.196379693371
0.32 0 0.195428499325
0.33 0 0.195575962154
0.34 0 0.196424967307
0.35 0 0.196069765284
0.36 0 0.195634524157
0.37 0 0.196028356567
0.38 0 0.196567383656
0.39 0 0.195579774894
0.4 0 0.195891966133
0.41 0 0.195952471884
0.42 0 0.19644091733
0.43 0 0.196612550796
0.44 0 0.196480519295
0.45 0 0.196831657416
0.46 0 0.196470099958
0.47 0 0.196592809831
0.48 0 0.196795787431
0.49 0 0.196656611864
0.5 0 0.196773500244
0.51 0 0.196549694822
0.52 0 0.196793012298
0.53 0 0.197088930869
0.54 0 0.196584534998
0.55 0 0.196798891414
0.56 0 0.196969769421
0.57 0 0.196779190753
0.58 0 0.196801969935
0.59 0 0.197171949062
0.6 0 0.197319694385
0.61 0 0.197243874154
0.62 0 0.197160658871
0.63 0 0.197204734389
0.64 0 0.197006560452
0.65 0 0.19684087948
0.66 0 0.197342746657
0.67 0 0.197478086812
0.68 0 0.197405299378
0.69 0 0.197041306206
0.7 0 0.197488916191
0.71 0 0.197614516401
0.72 0 0.197032218196
0.73 0 0.197634322278
0.74 0 0.197752620325
0.75 0 0.197647887919
0.76 0 0.197765972044
0.77 0 0.198034987029
0.78 0 0.198163112242
0.79 0 0.198242980324
0.8 0 0.197914705362
0.81 0 0.197592231985
0.82 0 0.198520564502
0.83 0 0.198395040377
0.84 0 0.198561006056
0.85 0 0.197889165685
0.86 0 0.198058645459
0.87 0 0.198129282885
0.88 0 0.198640284966
0.89 0 0.198473951409
0.9 0 0.198562201836
0.91 0 0.198671881808
0.92 0 0.198933053175
0.93 0 0.198814725678
0.94 0 0.198594801758
0.95 0 0.198507960628
0.96 0 0.198564107822
0.97 0 0.198439184027
0.98 0 0.199020197671
0.99 0 0.198703150285
1.0 0 0.1989200224
