0.0 0 0.0
0.01 0 0.258128808864
0.02 0 0.253895319691
0.03 0 0.253261788284
0.04 0 0.250735361982
0.05 0 0.251003110696
0.06 0 0.250752192797
0.07 0 0.250040929136
0.08 0 0.250792792494
0.09 0 0.250203693147
0.1 0 0.249953865263
0.11 0 0.251090363379
0.12 0 0.250569381613
0.13 0 0.250717118083
0.14 0 0.25049422491
0.15 0 0.250156875008
0.16 0 0.250397136496
0.17 0 0.250486459478
0.18 0 0.250311940235
0.19 0 0.250066831416
0.2 0 0.250063699729
0.21 0 0.250945683984
0.22 0 0.250991386218
0.23 0 0.250830371813
0.24 0 0.250533287596
0.25 0 0.250338985329
0.26 0 0.25055446221
0.27 0 0.250369222089
0.28 0 0.250796613643
0.29 0 0.250834161198
0.3 0 0.250872271354
0.31 0 0.251241974629
0.32 0 0.250734494933
0.33 0 0.250896054726
0.34 0 0.25080090526
0.35 0 0.250644637002
0.36 0 0.250977121226
0.37 0 0.251344244975
0.38 0 0.250800742364
0.39 0 0.251148651321
0.4 0 0.250907369394
0.41 0 0.251495650727
0.42 0 0.250953934529
0.43 0 0.251120740467
0.44 0 0.251233730278
0.45 0 0.250966187855
0.46 0 0.251536661748
0.47 0 0.251635259551
0.48 0 0.251064778963
0.49 0 0.251341889781
0.5 0 0.251096541144
0.51 0 0.251030490095
0.52 0 0.251449902004
0.53 0 0.251413747349
0.54 0 0.251739988509
0.55 0 0.251777787354
0.56 0 0.251480939901
0.57 0 0.251671754738
0.58 0 0.251532664439
0.59 0 0.251932935957
0.6 0 0.251362513251
0.61 0 0.251822902624
0.62 0 0.251724405084
0.63 0 0.251959564555
0.64 0 0.251792552799
0.65 0 0.251893810492
0.66 0 0.252117829622
0.67 0 0.251477207801
0.68 0 0.251892085459
0.69 0 0.251705515167
0.7 0 0.251646205428
0.71 0 0.252219747359
0.72 0 0.252331431687
0.73 0 0.252035554272
0.74 0 0.252175397945
0.75 0 0.252171413034
0.76 0 0.252167662974
0.77 0 0.252217178347
0.78 0 0.251858654559
0.79 0 0.252693569056
0.8 0 0.252152447648
0.81 0 0.252173872994
0.82 0 0.252404357945
0.83 0 0.252524376378
0.84 0 0.252564575932
0.85 0 0.252134752613
0.86 0 0.252477381206
0.87 0 0.252738343251
0.88 0 0.252826227388
0.89 0 0.252720106669
0.9 0 0.252308181277
0.91 0 0.25251169353
0.92 0 0.252598382908
0.93 0 0.252568441265
0.94 0 0.252447574578
0.95 0 0.252530963714
0.96 0 0.252722626216
0.97 0 0.252824463639
0.98 0 0.252769452206
0.99 0 0.25336408378
1.0 0 0.253136312976
