0.0 0 0.0
0.01 0 0.302531677573
0.02 0 0.303801204819
0.03 0 0.298966512
0.04 0 0.300585199362
0.05 0 0.29888795068
0.06 0 0.299844803518
0.07 0 0.300316600222
0.08 0 0.299288536573
0.09 0 0.299886348201
0.1 0 0.298904363662
0.11 0 0.299674823511
0.12 0 0.298630111883
0.13 0 0.299135949387
0.14 0 0.300027665591
0.15 0 0.299190965513
0.16 0 0.299295941342
0.17 0 0.299389494212
0.18 0 0.299080727636
0.19 0 0.299059248381
0.2 0 0.299477240278
0.21 0 0.299723971346
0.22 0 0.299284470846
0.23 0 0.299635806727
0.24 0 0.299028203247
0.25 0 0.299622536507
0.26 0 0.299171089055
0.27 0 0.299288110299
0.28 0 0.299663190605
0.29 0 0.299001330333
0.3 0 0.299503885286
0.31 0 0.299410477653
0.32 0 0.299438289581
0.33 0 0.299545108881
0.34 0 0.299586953562
0.35 0 0.299665608039
0.36 0 0.299459842758
0.37 0 0.299382692962
0.38 0 0.299805755954
0.39 0 0.299835160126
0.4 0 0.299425408583
0.41 0 0.299495749975
0.42 0 0.299845888409
0.43 0 0.299564848649
0.44 0 0.299878136916
0.45 0 0.299754899001
0.46 0 0.299447576726
0.47 0 0.299606510044
0.48 0 0.299586965823
0.49 0 0.299703748546
0.5 0 0.299582840003
0.51 0 0.299609983818
0.52 0 0.299466524232
0.53 0 0.299810340283
0.54 0 0.299791328193
0.55 0 0.300048502805
0.56 0 0.300170775921
0.57 0 0.299837634512
0.58 0 0.299845438807
0.59 0 0.29986484557
0.6 0 0.300026690646
0.61 0 0.30031605204
0.62 0 0.299513323551
0.63 0 0.299947820181
0.64 0 0.299923384017
0.65 0 0.300139182299
0.66 0 0.300054318478
0.67 0 0.299927552314
0.68 0 0.299781428568
0.69 0 0.300429746322
0.7 0 0.299990770507
0.71 0 0.299755923546
0.72 0 0.299471073465
0.73 0 0.300259444841
0.74 0 0.300326648897
0.75 0 0.300100409999
0.76 0 0.30019034767
0.77 0 0.300198855561
0.78 0 0.300178375637
0.79 0 0.300152009613
0.8 0 0.299835630388
0.81 0 0.300279905898
0.82 0 0.300466402415
0.83 0 0.30002367333
0.84 0 0.300154687784
0.85 0 0.300242351392
0.86 0 0.299869817791
0.87 0 0.3001506117
0.88 0 0.300555411949
0.89 0 0.300609826157
0.9 0 0.300434775531
0.91 0 0.300609796765
0.92 0 0.300303124748
0.93 0 0.300937230353
0.94 0 0.300099264652
0.95 0 0.300408025359
0.96 0 0.30072598203
0.97 0 0.300613947834
0.98 0 0.300215474929
0.99 0 0.30037084442
1.0 0 0.300484392199
