0.0 0 0.0
0.01 0 0.354273999459
0.02 0 0.348113370028
0.03 0 0.34559505567
0.04 0 0.34472599668
0.05 0 0.344236533408
0.06 0 0.344004038043
0.07 0 0.343434546272
0.08 0 0.343082444951
0.09 0 0.342989349609
0.1 0 0.343124009398
0.11 0 0.343103856351
0.12 0 0.342848380736
0.13 0 0.342501057743
0.14 0 0.342951597115
0.15 0 0.342468001777
0.16 0 0.342350538718
0.17 0 0.342345203901
0.18 0 0.342615541218
0.19 0 0.342711820799
0.2 0 0.342352475417
0.21 0 0.342908273594
0.22 0 0.342776273918
0.23 0 0.342874791639
0.24 0 0.342849446394
0.25 0 0.343088486367
0.26 0 0.342653046081
0.27 0 0.342885478363
0.28 0 0.342723732431
0.29 0 0.342631436474
0.3 0 0.342544906707
0.31 0 0.342695742514
0.32 0 0.342610735789
0.33 0 0.342548890423
0.34 0 0.342606779832
0.35 0 0.342785607301
0.36 0 0.342541368758
0.37 0 0.342953782248
0.38 0 0.342525777026
0.39 0 0.342532142583
0.4 0 0.34235973272
0.41 0 0.342802364247
0.42 0 0.342946205195
0.43 0 0.342673481986
0.44 0 0.342829516501
0.45 0 0.342865398108
0.46 0 0.342960684825
0.47 0 0.34247238385
0.48 0 0.342698540948
0.49 0 0.342926656304
0.5 0 0.342779129236
0.51 0 0.342651468261
0.52 0 0.342642226302
0.53 0 0.342803103738
0.54 0 0.342803582752
0.55 0 0.342991814614
0.56 0 0.342793606839
0.57 0 0.342705419194
0.58 0 0.342851440847
0.59 0 0.342925466031
0.6 0 0.342767115991
0.61 0 0.343021975064
0.62 0 0.34322354228
0.63 0 0.343137427964
0.64 0 0.34295844502
0.65 0 0.342982478938
0.66 0 0.342812372141
0.67 0 0.342935046216
0.68 0 0.34282825339
0.69 0 0.342924100023
0.7 0 0.343072933471
0.71 0 0.34303823954
0.72 0 0.343027329042
0.73 0 0.342742555425
0.74 0 0.343013939406
0.75 0 0.342824854579
0.76 0 0.342934953128
0.77 0 0.342932653573
0.78 0 0.342924971954
0.79 0 0.342979599881
0.8 0 0.342858765628
0.81 0 0.342851767624
0.82 0 0.343067339285
0.83 0 0.343083976179
0.84 0 0.343028632812
0.85 0 0.343070864858
0.86 0 0.342802664074
0.87 0 0.342931317644
0.88 0 0.342948634542
0.89 0 0.343196511688
0.9 0 0.342939303753
0.91 0 0.343053078825
0.92 0 0.342930453841
0.93 0 0.343041753645
0.94 0 0.342850104537
0.95 0 0.343148260523
0.96 0 0.343046889387
0.97 0 0.343136059258
0.98 0 0.342991034509
0.99 0 0.343146022101
1.0 0 0.342981226553
