0.0 0 0.0
0.01 0 0.387247577977
0.02 0 0.387585587929
0.03 0 0.38294020727
0.04 0 0.384194011124
0.05 0 0.382090241252
0.06 0 0.383063350895
0.07 0 0.381729600824
0.08 0 0.382505720444
0.09 0 0.381610190006
0.1 0 0.3821675888
0.11 0 0.381461431026
0.12 0 0.382128816455
0.13 0 0.381368348887
0.14 0 0.38177899636
0.15 0 0.381291858055
0.16 0 0.381801977108
0.17 0 0.381372076999
0.18 0 0.381607262692
0.19 0 0.381313417689
0.2 0 0.381644025423
0.21 0 0.381800192297
0.22 0 0.381467967373
0.23 0 0.381715764585
0.24 0 0.381601170415
0.25 0 0.381642901168
0.26 0 0.38145529156
0.27 0 0.381611104746
0.28 0 0.381330322787
0.29 0 0.381632676117
0.3 0 0.381295782594
0.31 0 0.381509010238
0.32 0 0.381265543159
0.33 0 0.381535569701
0.34 0 0.381306091868
0.35 0 0.381431422797
0.36 0 0.381423830298
0.37 0 0.381396989282
0.38 0 0.381392624188
0.39 0 0.381482943676
0.4 0 0.38119663967
0.41 0 0.381560829026
0.42 0 0.381765636316
0.43 0 0.381370098272
0.44 0 0.381721432154
0.45 0 0.381362482532
0.46 0 0.381488936659
0.47 0 0.381291622497
0.48 0 0.381554639689
0.49 0 0.381364703225
0.5 0 0.381479671678
0.51 0 0.381386853979
0.52 0 0.381540706153
0.53 0 0.381365472173
0.54 0 0.381528468189
0.55 0 0.38138664439
0.56 0 0.381421863446
0.57 0 0.381249012314
0.58 0 0.381402987807
0.59 0 0.381462377522
0.6 0 0.381457806338
0.61 0 0.381588172785
0.62 0 0.381437578975
0.63 0 0.38143267032
0.64 0 0.381313791186
0.65 0 0.381552990337
0.66 0 0.381366737302
0.67 0 0.381497543465
0.68 0 0.381350393199
0.69 0 0.381607330113
0.7 0 0.381399608253
0.71 0 0.38142804597
0.72 0 0.381331294283
0.73 0 0.381381124492
0.74 0 0.381317998722
0.75 0 0.381485070728
0.76 0 0.381363648117
0.77 0 0.381526488176
0.78 0 0.381521735027
0.79 0 0.381367088258
0.8 0 0.381420728024
0.81 0 0.381472905721
0.82 0 0.381515533238
0.83 0 0.381376778394
0.84 0 0.381552228418
0.85 0 0.381416356334
0.86 0 0.38163940461
0.87 0 0.381377184932
0.88 0 0.381442930626
0.89 0 0.381339428802
0.9 0 0.381412690629
0.91 0 0.381426461729
0.92 0 0.381496613941
0.93 0 0.381389369235
0.94 0 0.381577828192
0.95 0 0.381424801183
0.96 0 0.381422290582
0.97 0 0.381320242214
0.98 0 0.381592597987
0.99 0 0.381407954651
1.0 0 0.381465327734
