0.0 0 0.418829326923
0.01 300 0.277971589681
0.02 600 0.230193716847
0.03 900 0.191948247224
0.04 1200 0.191442768653
0.05 1500 0.182352536131
0.06 1800 0.182108599044
0.07 2100 0.182417854995
0.08 2400 0.177319128015
0.09 2700 0.18192339943
0.1 3000 0.176209270217
0.11 3300 0.183740181796
0.12 3600 0.182838038104
0.13 3900 0.178552779467
0.14 4200 0.183747275831
0.15 4500 0.181547544203
0.16 4800 0.184732261836
0.17 5100 0.177331463711
0.18 5400 0.182189620219
0.19 5700 0.179072112997
0.2 6000 0.183141862369
0.21 6300 0.183396177731
0.22 6600 0.183984683308
0.23 6900 0.182626260163
0.24 7200 0.184330588587
0.25 7500 0.171860243429
0.26 7800 0.184158562696
0.27 8100 0.183516542509
0.28 8400 0.176563344243
0.29 8700 0.183388828257
0.3 9000 0.18168937293
0.31 9300 0.168847525536
0.32 9600 0.183911352886
0.33 9900 0.173110671112
0.34 10200 0.183108261153
0.35 10500 0.183507034187
0.36 10800 0.183364881763
0.37 11100 0.179775529528
0.38 11400 0.177251929329
0.39 11700 0.178650146248
0.4 12000 0.169307821617
0.41 12300 0.180561092598
0.42 12600 0.18106774284
0.43 12900 0.184284228636
0.44 13200 0.181265330493
0.45 13500 0.184535056822
0.46 13800 0.179409194899
0.47 14100 0.179565871666
0.48 14400 0.174459336832
0.49 14700 0.181740516279
0.5 15000 0.183414874222
0.51 15300 0.183503584213
0.52 15600 0.183620597289
0.53 15900 0.182288830321
0.54 16200 0.171363708253
0.55 16500 0.180308750307
0.56 16800 0.184903209701
0.57 17094 0.175653060585
0.58 17400 0.182054927466
0.59 17700 0.183502661855
0.6 18000 0.179445916115
0.61 18300 0.184335688006
0.62 18600 0.181611253219
0.63 18900 0.177482095178
0.64 19200 0.182281683332
0.65 19500 0.1800546419
0.66 19800 0.17508573982
0.67 20100 0.176465573262
0.68 20400 0.176238829794
0.69 20694 0.177639851718
0.7 21000 0.183000896518
0.71 21300 0.183362755454
0.72 21600 0.18473307504
0.73 21900 0.177550348977
0.74 22200 0.177025029072
0.75 22500 0.179067383445
0.76 22800 0.17912863311
0.77 23100 0.179679151337
0.78 23400 0.172627132725
0.79 23700 0.177204405899
0.8 24000 0.179655022562
0.81 24300 0.183019769591
0.82 24600 0.181655432999
0.83 24900 0.181355531173
0.84 25200 0.182598099019
0.85 25500 0.166580171115
0.86 25800 0.183664783294
0.87 26100 0.183531081227
0.88 26400 0.181850470029
0.89 26700 0.172248326472
0.9 27000 0.182803394198
0.91 27300 0.183789836464
0.92 27600 0.180120351317
0.93 27900 0.177701782985
0.94 28200 0.180178292862
0.95 28500 0.181159559725
0.96 28800 0.180574858679
0.97 29100 0.185058141925
0.98 29400 0.181488539367
0.99 29700 0.175580078124
1.0 30000 0.180609495331
