0.0 0 0.431745473293
0.01 300 0.304847320428
0.02 600 0.252582854874
0.03 900 0.236200844729
0.04 1200 0.216570002492
0.05 1500 0.22188350828
0.06 1800 0.214756560784
0.07 2100 0.212783778727
0.08 2400 0.216943529231
0.09 2700 0.205728936514
0.1 3000 0.217828818212
0.11 3300 0.21737345118
0.12 3600 0.213282026949
0.13 3900 0.210080418205
0.14 4200 0.216006141782
0.15 4500 0.210997262466
0.16 4800 0.210477089208
0.17 5100 0.208144251673
0.18 5400 0.211897438222
0.19 5700 0.213174092415
0.2 6000 0.212833984298
0.21 6300 0.216669773526
0.22 6600 0.216783879236
0.23 6900 0.216488849267
0.24 7200 0.200579764062
0.25 7500 0.208326760738
0.26 7800 0.214452439491
0.27 8100 0.214074929044
0.28 8400 0.215015521257
0.29 8700 0.215160576943
0.3 9000 0.216810130846
0.31 9300 0.208493698011
0.32 9600 0.213531505181
0.33 9900 0.205242457689
0.34 10200 0.215443973447
0.35 10500 0.213546264976
0.36 10800 0.20211315964
0.37 11100 0.215730054914
0.38 11400 0.217090766631
0.39 11700 0.214579351031
0.4 12000 0.213141208346
0.41 12300 0.214346533346
0.42 12600 0.214583997838
0.43 12900 0.2179054526
0.44 13200 0.215093712047
0.45 13500 0.213897108134
0.46 13800 0.215181064997
0.47 14100 0.216576197989
0.48 14400 0.215705304095
0.49 14700 0.211461169944
0.5 15000 0.216274572942
0.51 15300 0.215483392231
0.52 15600 0.215055060897
0.53 15900 0.218340652466
0.54 16200 0.2120023561
0.55 16500 0.217621154372
0.56 16800 0.205662610489
0.57 17094 0.212818927353
0.58 17400 0.215851770728
0.59 17700 0.209254236957
0.6 18000 0.213947813475
0.61 18300 0.215681757249
0.62 18600 0.215537389273
0.63 18900 0.206802856304
0.64 19200 0.215578216554
0.65 19500 0.205713475068
0.66 19800 0.217084335721
0.67 20100 0.20931103959
0.68 20400 0.213746141245
0.69 20694 0.212386444213
0.7 21000 0.214076529522
0.71 21300 0.214965993903
0.72 21600 0.213911410792
0.73 21900 0.216380902094
0.74 22200 0.205570742655
0.75 22500 0.21639125161
0.76 22800 0.214988333096
0.77 23100 0.210218485758
0.78 23400 0.210127254692
0.79 23700 0.214499264165
0.8 24000 0.2171095517
0.81 24300 0.216577899497
0.82 24600 0.209948845046
0.83 24900 0.205565765269
0.84 25200 0.217814830198
0.85 25500 0.215980025582
0.86 25800 0.216342322591
0.87 26100 0.216371739424
0.88 26400 0.199324518497
0.89 26700 0.205066802845
0.9 27000 0.214253611164
0.91 27300 0.20979250429
0.92 27600 0.216422789329
0.93 27900 0.210621999701
0.94 28200 0.2140605455
0.95 28500 0.209277256713
0.96 28800 0.210666157968
0.97 29100 0.215930311544
0.98 29400 0.213002665958
0.99 29700 0.212709975635
1.0 30000 0.213003139436
