0.0 0 0.393965493827
0.01 300 0.337939558945
0.02 600 0.292143420703
0.03 900 0.264601279741
0.04 1200 0.258257845459
0.05 1500 0.263209902328
0.06 1800 0.257538214685
0.07 2100 0.253780329034
0.08 2400 0.254993934282
0.09 2700 0.249870250663
0.1 3000 0.251958018452
0.11 3300 0.250271254819
0.12 3600 0.24639141872
0.13 3900 0.24491516719
0.14 4200 0.246782134252
0.15 4500 0.251761420171
0.16 4800 0.250247298859
0.17 5100 0.251822644389
0.18 5400 0.248421570482
0.19 5700 0.248158114433
0.2 6000 0.248785026636
0.21 6300 0.252205755181
0.22 6600 0.251433801912
0.23 6900 0.246714938472
0.24 7200 0.248997383832
0.25 7500 0.250742427066
0.26 7800 0.249805590736
0.27 8100 0.246778292862
0.28 8400 0.246917839527
0.29 8700 0.245843749139
0.3 9000 0.247146746327
0.31 9300 0.249659237735
0.32 9600 0.251463341788
0.33 9900 0.247292559889
0.34 10200 0.247789977486
0.35 10500 0.248285642323
0.36 10800 0.245419476738
0.37 11100 0.247863724021
0.38 11400 0.249173748037
0.39 11700 0.247395833534
0.4 12000 0.248563101954
0.41 12300 0.248360798381
0.42 12600 0.249531179889
0.43 12900 0.248730010601
0.44 13200 0.246217870039
0.45 13500 0.246408798486
0.46 13800 0.25016855474
0.47 14100 0.246740606274
0.48 14400 0.250337221084
0.49 14700 0.246791840667
0.5 15000 0.248858049219
0.51 15300 0.2498933179
0.52 15600 0.241980833249
0.53 15900 0.247406798164
0.54 16200 0.247369809851
0.55 16500 0.250215140306
0.56 16800 0.238143833381
0.57 17094 0.24828090234
0.58 17400 0.251890127635
0.59 17700 0.244832196543
0.6 18000 0.246360189217
0.61 18300 0.247310563945
0.62 18600 0.248170036491
0.63 18900 0.247487271249
0.64 19200 0.244628108393
0.65 19500 0.249723775592
0.66 19800 0.24720342062
0.67 20100 0.24700986081
0.68 20400 0.250051026216
0.69 20694 0.250502511276
0.7 21000 0.237161830619
0.71 21300 0.226264865396
0.72 21600 0.247714844155
0.73 21900 0.247362322411
0.74 22200 0.249974011025
0.75 22500 0.24665764336
0.76 22800 0.241015549454
0.77 23100 0.249279672553
0.78 23400 0.243072514198
0.79 23700 0.249804588054
0.8 24000 0.237271736907
0.81 24300 0.250801058702
0.82 24600 0.2498933179
0.83 24900 0.246388709064
0.84 25200 0.247085017536
0.85 25500 0.25157498862
0.86 25800 0.243443119941
0.87 26100 0.244822415607
0.88 26400 0.250090095134
0.89 26700 0.247655259397
0.9 27000 0.246563813261
0.91 27300 0.248052043912
0.92 27600 0.24829734662
0.93 27900 0.242484768212
0.94 28200 0.240943767109
0.95 28500 0.241832066602
0.96 28800 0.250556729485
0.97 29100 0.244958685744
0.98 29400 0.248299315734
0.99 29700 0.247395833534
1.0 30000 0.248641623888
