0.0 0 0.428436701078
0.01 300 0.368480389141
0.02 600 0.342982287821
0.03 900 0.324424656377
0.04 1200 0.315628782704
0.05 1500 0.316156586003
0.06 1800 0.299982010472
0.07 2100 0.292540678178
0.08 2400 0.291351713413
0.09 2697 0.288339979009
0.1 3000 0.29013418429
0.11 3300 0.288384335696
0.12 3600 0.287022045723
0.13 3900 0.285046769358
0.14 4200 0.282591964598
0.15 4500 0.2867462512
0.16 4800 0.280133472323
0.17 5100 0.281511151032
0.18 5397 0.278296320425
0.19 5697 0.281903679948
0.2 6000 0.280989840898
0.21 6300 0.27901800449
0.22 6600 0.282201337503
0.23 6900 0.281919278532
0.24 7200 0.271017204706
0.25 7500 0.283407034187
0.26 7800 0.281982349525
0.27 8100 0.285592629603
0.28 8400 0.277092115872
0.29 8700 0.283572792552
0.3 9000 0.275224332841
0.31 9300 0.270256767412
0.32 9600 0.283396210848
0.33 9900 0.279951214058
0.34 10200 0.264137905731
0.35 10497 0.278977863389
0.36 10797 0.285034387658
0.37 11097 0.28057241392
0.38 11397 0.28007253672
0.39 11697 0.281254677959
0.4 12000 0.279424794806
0.41 12300 0.270631330884
0.42 12600 0.280381439055
0.43 12900 0.281306347242
0.44 13200 0.27969490772
0.45 13500 0.28188656243
0.46 13800 0.282939735099
0.47 14100 0.284625985843
0.48 14400 0.279396874469
0.49 14700 0.284014686488
0.5 15000 0.272254996773
0.51 15300 0.281025996965
0.52 15600 0.28006084606
0.53 15900 0.281175450992
0.54 16200 0.281829140869
0.55 16500 0.280832561457
0.56 16800 0.273929306082
0.57 17097 0.279891551922
0.58 17400 0.280285724448
0.59 17700 0.278558314284
0.6 18000 0.274091948256
0.61 18300 0.282004711238
0.62 18600 0.282720203384
0.63 18900 0.278175618552
0.64 19200 0.281892613207
0.65 19500 0.278640897059
0.66 19800 0.277580147654
0.67 20100 0.274562476316
0.68 20400 0.279372880901
0.69 20697 0.279280004326
0.7 20997 0.282804709857
0.71 21297 0.27960874843
0.72 21597 0.26722648554
0.73 21897 0.281069712109
0.74 22197 0.283993236861
0.75 22497 0.274678261765
0.76 22797 0.279785941999
0.77 23097 0.281484645823
0.78 23397 0.282742494592
0.79 23700 0.27640835248
0.8 24000 0.274699662996
0.81 24300 0.280230832553
0.82 24600 0.278716863489
0.83 24900 0.280485673366
0.84 25200 0.282259651625
0.85 25500 0.280740562914
0.86 25800 0.278534552033
0.87 26100 0.281592256049
0.88 26400 0.283088849267
0.89 26700 0.282874392936
0.9 27000 0.284567975893
0.91 27300 0.283198164486
0.92 27600 0.278103876684
0.93 27900 0.27652666418
0.94 28200 0.276794421821
0.95 28500 0.282934725821
0.96 28800 0.283149888498
0.97 29100 0.275812599337
0.98 29400 0.277469466635
0.99 29700 0.281497621534
1.0 30000 0.276296077363
