0.0 0 0.442103133333
0.01 300 0.41145937707
0.02 600 0.408050139715
0.03 900 0.414930991433
0.04 1200 0.390998946672
0.05 1500 0.379094793544
0.06 1800 0.369854304569
0.07 2100 0.353905616162
0.08 2400 0.332016756506
0.09 2700 0.33820041871
0.1 3000 0.325153423549
0.11 3300 0.326891705832
0.12 3600 0.326577375838
0.13 3900 0.323661727248
0.14 4200 0.323163902233
0.15 4500 0.325367643137
0.16 4800 0.321523478933
0.17 5100 0.319199531826
0.18 5400 0.320032031407
0.19 5700 0.314732773999
0.2 6000 0.3097508514
0.21 6300 0.317971974754
0.22 6600 0.319300500277
0.23 6900 0.308922155594
0.24 7200 0.30854689824
0.25 7500 0.317947964901
0.26 7800 0.310984408686
0.27 8100 0.314323820628
0.28 8400 0.317924920879
0.29 8700 0.316004179112
0.3 9000 0.315454127214
0.31 9300 0.311614371994
0.32 9600 0.311143135986
0.33 9900 0.313809314817
0.34 10200 0.313054725378
0.35 10500 0.31019546432
0.36 10800 0.317596707299
0.37 11100 0.31813445639
0.38 11400 0.317906814598
0.39 11700 0.313447138938
0.4 12000 0.318603740304
0.41 12300 0.318191558907
0.42 12600 0.316112456438
0.43 12900 0.312362762897
0.44 13200 0.315670855126
0.45 13500 0.318267599269
0.46 13800 0.312513138227
0.47 14100 0.316260739127
0.48 14400 0.314305771274
0.49 14700 0.31613060504
0.5 15000 0.311325697488
0.51 15300 0.3165219518
0.52 15600 0.298087494523
0.53 15900 0.317751197845
0.54 16200 0.310979140229
0.55 16500 0.311303583548
0.56 16800 0.309065634453
0.57 17097 0.31650178679
0.58 17400 0.315571792985
0.59 17700 0.318634583382
0.6 18000 0.314930281746
0.61 18300 0.314424200015
0.62 18600 0.31216280762
0.63 18900 0.314625795966
0.64 19200 0.315192687356
0.65 19500 0.310114548275
0.66 19800 0.316529031693
0.67 20100 0.305231087185
0.68 20400 0.317148714569
0.69 20697 0.313755154449
0.7 21000 0.314729929509
0.71 21300 0.316543634155
0.72 21600 0.310845243451
0.73 21900 0.3105127418
0.74 22200 0.31212741117
0.75 22500 0.315031607681
0.76 22800 0.316864720791
0.77 23100 0.317724694264
0.78 23400 0.311980007159
0.79 23700 0.312011762042
0.8 24000 0.310670397158
0.81 24300 0.303584183858
0.82 24600 0.313217975055
0.83 24900 0.317362511826
0.84 25200 0.315250859962
0.85 25500 0.314010988527
0.86 25800 0.31416704758
0.87 26100 0.313180367724
0.88 26400 0.315812671312
0.89 26700 0.318007995948
0.9 27000 0.308035402029
0.91 27300 0.31195601574
0.92 27600 0.308918580974
0.93 27900 0.317444043172
0.94 28200 0.314206850342
0.95 28500 0.315879672553
0.96 28800 0.312810767128
0.97 29100 0.314593734889
0.98 29400 0.316464466012
0.99 29700 0.316042352025
1.0 30000 0.318232883936
