0.0 0 0.417078783482
0.01 300 0.470238601397
0.02 600 0.495619792725
0.03 900 0.505329558646
0.04 1200 0.487633737112
0.05 1500 0.477634088797
0.06 1800 0.469609779205
0.07 2100 0.441117405816
0.08 2400 0.437199666153
0.09 2700 0.426731007227
0.1 3000 0.419709837113
0.11 3300 0.412781356701
0.12 3600 0.408240865125
0.13 3900 0.398314353325
0.14 4200 0.385785234244
0.15 4500 0.387226098428
0.16 4800 0.384913604883
0.17 5100 0.37890615649
0.18 5400 0.380782657344
0.19 5700 0.365992034979
0.2 6000 0.372342600453
0.21 6300 0.372342976371
0.22 6600 0.367139133417
0.23 6900 0.367972114842
0.24 7200 0.36420092399
0.25 7500 0.361739384794
0.26 7800 0.35493267904
0.27 8100 0.365318398384
0.28 8400 0.354845558565
0.29 8700 0.358234597172
0.3 9000 0.345164936015
0.31 9300 0.351167524127
0.32 9600 0.352139830539
0.33 9900 0.34010669702
0.34 10200 0.353392162991
0.35 10500 0.35487841828
0.36 10800 0.348558975398
0.37 11100 0.353841609173
0.38 11400 0.351133448848
0.39 11700 0.341588956902
0.4 12000 0.350905046735
0.41 12300 0.348818845381
0.42 12600 0.342322945233
0.43 12900 0.354318603859
0.44 13200 0.349457423861
0.45 13500 0.345524740149
0.46 13800 0.348554643805
0.47 14100 0.350496596393
0.48 14400 0.346159328177
0.49 14700 0.337583899663
0.5 15000 0.346059016249
0.51 15300 0.351164875665
0.52 15600 0.335734081608
0.53 15900 0.349351179946
0.54 16200 0.346679831868
0.55 16500 0.347519543199
0.56 16800 0.352137493514
0.57 17097 0.34709926755
0.58 17400 0.353032691942
0.59 17700 0.343650915055
0.6 18000 0.350484424993
0.61 18300 0.337951993605
0.62 18600 0.345709578375
0.63 18900 0.349325693902
0.64 19200 0.333317974662
0.65 19500 0.340325295164
0.66 19800 0.350699069889
0.67 20100 0.344977352819
0.68 20400 0.350990435572
0.69 20697 0.35215313234
0.7 21000 0.349563057695
0.71 21300 0.349533797125
0.72 21600 0.350914229892
0.73 21900 0.345967696836
0.74 22200 0.343243129696
0.75 22500 0.346915824961
0.76 22800 0.340359863914
0.77 23100 0.342498860693
0.78 23400 0.350596877956
0.79 23700 0.348176568189
0.8 24000 0.34277440291
0.81 24300 0.349772227278
0.82 24600 0.34760125092
0.83 24900 0.342137382325
0.84 25200 0.351270984866
0.85 25500 0.332348362123
0.86 25800 0.345322923072
0.87 26100 0.34803566079
0.88 26400 0.350270668879
0.89 26700 0.338581276958
0.9 27000 0.350529795141
0.91 27300 0.343520921746
0.92 27600 0.346454514057
0.93 27900 0.349553236924
0.94 28200 0.347751489515
0.95 28500 0.341364224083
0.96 28800 0.340503030338
0.97 29100 0.345596202189
0.98 29400 0.349935309383
0.99 29700 0.341882623032
1.0 30000 0.341926557416
