0.0 0 0.443910314606
0.01 300 0.437307029899
0.02 600 0.430747210926
0.03 900 0.424422284196
0.04 1200 0.418177100645
0.05 1500 0.411980419937
0.06 1800 0.405992414369
0.07 2100 0.400097066648
0.08 2400 0.39421511122
0.09 2700 0.388556513561
0.1 3000 0.382954543288
0.11 3300 0.377545270305
0.12 3600 0.37217818872
0.13 3900 0.366827703632
0.14 4200 0.361632496132
0.15 4500 0.356511782797
0.16 4800 0.351521600437
0.17 5100 0.346600540169
0.18 5400 0.341714679452
0.19 5700 0.337007440607
0.2 6000 0.33229206039
0.21 6300 0.327763008892
0.22 6600 0.323216668467
0.23 6900 0.318752068147
0.24 7200 0.314412145976
0.25 7500 0.310075977183
0.26 7800 0.305661784195
0.27 8100 0.301569656649
0.28 8400 0.297512530189
0.29 8700 0.2935322314
0.3 9000 0.289453194042
0.31 9300 0.285522812644
0.32 9600 0.281607452436
0.33 9900 0.277814628608
0.34 10200 0.27412808693
0.35 10500 0.270503119474
0.36 10800 0.26676764777
0.37 11100 0.263207088297
0.38 11400 0.259697526764
0.39 11700 0.256162622939
0.4 12000 0.252726281436
0.41 12300 0.249354947698
0.42 12600 0.246086482561
0.43 12900 0.242776648252
0.44 13200 0.239452254522
0.45 13500 0.236292670286
0.46 13800 0.233151460102
0.47 14100 0.230081400612
0.48 14400 0.227080114076
0.49 14700 0.224027010337
0.5 15000 0.221005499127
0.51 15300 0.218043295625
0.52 15600 0.215145958531
0.53 15900 0.212271383989
0.54 16200 0.209391970947
0.55 16500 0.206633754508
0.56 16800 0.203774110722
0.57 17094 0.201282387976
0.58 17400 0.198430034708
0.59 17700 0.195730665316
0.6 18000 0.19312733056
0.61 18300 0.190594173168
0.62 18600 0.188045717942
0.63 18900 0.185469047289
0.64 19200 0.182970805166
0.65 19500 0.180478260485
0.66 19800 0.178129428241
0.67 20100 0.175615866542
0.68 20400 0.173271249106
0.69 20694 0.170982721462
0.7 21000 0.168651906963
0.71 21300 0.166368357053
0.72 21600 0.164083146987
0.73 21900 0.161868359282
0.74 22200 0.159565940347
0.75 22500 0.157431997182
0.76 22800 0.155260891542
0.77 23100 0.153193223534
0.78 23400 0.150991870981
0.79 23700 0.149016731564
0.8 24000 0.146861262409
0.81 24300 0.144805742615
0.82 24600 0.142853477807
0.83 24900 0.140739569892
0.84 25200 0.138840319974
0.85 25500 0.136892762476
0.86 25800 0.134904647991
0.87 26100 0.133008309136
0.88 26400 0.131100606056
0.89 26700 0.129204442704
0.9 27000 0.127438608854
0.91 27300 0.125584740604
0.92 27600 0.123701272029
0.93 27900 0.121952633693
0.94 28200 0.120117310252
0.95 28500 0.118395060838
0.96 28800 0.116666075582
0.97 29100 0.114910558637
0.98 29400 0.113275397297
0.99 29700 0.111540271973
1.0 30000 0.109890720278
