0.0 0 0.443910314606
0.01 300 0.437263063469
0.02 600 0.430779550558
0.03 900 0.42439061829
0.04 1200 0.418125349179
0.05 1500 0.411970520167
0.06 1800 0.406042362126
0.07 2100 0.400087112904
0.08 2400 0.394253465033
0.09 2700 0.388603502842
0.1 3000 0.382972971648
0.11 3300 0.377445324095
0.12 3600 0.372089165297
0.13 3900 0.36684527576
0.14 4200 0.361701830028
0.15 4500 0.356469377666
0.16 4800 0.351554379564
0.17 5100 0.346641622353
0.18 5400 0.341867638215
0.19 5700 0.337038471827
0.2 6000 0.33230008335
0.21 6300 0.327686394516
0.22 6600 0.323246014791
0.23 6900 0.318797088306
0.24 7200 0.314353987473
0.25 7500 0.309947203486
0.26 7800 0.305703575967
0.27 8100 0.301637523325
0.28 8400 0.297513015412
0.29 8700 0.293431490036
0.3 9000 0.289532638778
0.31 9300 0.285522901156
0.32 9600 0.281639235134
0.33 9900 0.277947787824
0.34 10200 0.274097893383
0.35 10500 0.270369184953
0.36 10800 0.266737139952
0.37 11100 0.263177161266
0.38 11400 0.259662142827
0.39 11700 0.256134728103
0.4 12000 0.252749455987
0.41 12300 0.249411083716
0.42 12600 0.246003011292
0.43 12900 0.242764970658
0.44 13200 0.239512341713
0.45 13500 0.236357231177
0.46 13800 0.23311935861
0.47 14100 0.230041178817
0.48 14400 0.227003605266
0.49 14700 0.224011738344
0.5 15000 0.220945606779
0.51 15300 0.218009500384
0.52 15600 0.215097445363
0.53 15900 0.212280071635
0.54 16200 0.209434349894
0.55 16500 0.206601874374
0.56 16800 0.203910427016
0.57 17094 0.201323050385
0.58 17400 0.198384050922
0.59 17700 0.195814531616
0.6 18000 0.193231676454
0.61 18300 0.190559387961
0.62 18600 0.188020236026
0.63 18900 0.185565288368
0.64 19200 0.183016325443
0.65 19500 0.180543188195
0.66 19800 0.178055818936
0.67 20100 0.175683541975
0.68 20400 0.173354755144
0.69 20694 0.171039668702
0.7 21000 0.168633870326
0.71 21300 0.1662921391
0.72 21600 0.164108955809
0.73 21900 0.16183515948
0.74 22200 0.159650613836
0.75 22500 0.157438578303
0.76 22800 0.155281819877
0.77 23100 0.153099252836
0.78 23400 0.151080550081
0.79 23700 0.148998668423
0.8 24000 0.146817648119
0.81 24300 0.144795703431
0.82 24600 0.142827005238
0.83 24900 0.140746150526
0.84 25200 0.138860238632
0.85 25500 0.136849619678
0.86 25800 0.13495927955
0.87 26100 0.132938378092
0.88 26400 0.131119915375
0.89 26700 0.12922265783
0.9 27000 0.127343573544
0.91 27300 0.125547898906
0.92 27600 0.123728913073
0.93 27900 0.121964043454
0.94 28200 0.120119707792
0.95 28500 0.118389414305
0.96 28800 0.116698757227
0.97 29100 0.114890342883
0.98 29400 0.113240014625
0.99 29700 0.111558413518
1.0 30000 0.109829417461
