0.0 0 0.443910314606
0.01 300 0.437263082704
0.02 600 0.430758012806
0.03 900 0.42440119648
0.04 1200 0.418135909205
0.05 1500 0.412000945683
0.06 1800 0.40600257182
0.07 2100 0.400087299499
0.08 2400 0.394301598317
0.09 2697 0.388669541797
0.1 3000 0.383028481687
0.11 3300 0.377481630095
0.12 3600 0.372133605511
0.13 3900 0.366880212819
0.14 4200 0.361701910705
0.15 4500 0.356630645617
0.16 4800 0.351438302361
0.17 5100 0.346584237771
0.18 5397 0.341755113326
0.19 5697 0.337046893947
0.2 6000 0.33243200182
0.21 6300 0.327686276326
0.22 6600 0.323253681574
0.23 6900 0.31873013818
0.24 7200 0.314252187787
0.25 7500 0.310025423165
0.26 7800 0.305823792864
0.27 8100 0.301576520234
0.28 8400 0.297444104169
0.29 8700 0.293532167885
0.3 9000 0.289367332471
0.31 9300 0.285496685732
0.32 9600 0.281652268576
0.33 9900 0.277853306626
0.34 10200 0.274067293567
0.35 10497 0.270357009931
0.36 10797 0.26676159826
0.37 11097 0.263171160203
0.38 11397 0.259779855311
0.39 11697 0.256267635423
0.4 12000 0.252686484699
0.41 12300 0.249394659064
0.42 12600 0.246031137489
0.43 12900 0.242738327596
0.44 13200 0.23945309645
0.45 13500 0.236299224238
0.46 13800 0.233140677589
0.47 14100 0.230036131778
0.48 14400 0.227024326981
0.49 14700 0.223946805026
0.5 15000 0.220994879767
0.51 15300 0.218004856825
0.52 15600 0.215126157539
0.53 15900 0.212223701367
0.54 16200 0.20942511777
0.55 16500 0.206583357623
0.56 16800 0.203865908007
0.57 17097 0.201127666256
0.58 17400 0.198537050671
0.59 17700 0.195819268304
0.6 18000 0.193200801914
0.61 18300 0.190615963737
0.62 18600 0.187973553506
0.63 18900 0.185489900396
0.64 19200 0.182978940803
0.65 19500 0.180609353692
0.66 19800 0.178120524181
0.67 20100 0.175647787536
0.68 20400 0.173279576614
0.69 20697 0.17098229622
0.7 20997 0.168611049233
0.71 21297 0.166352528061
0.72 21597 0.164135945491
0.73 21897 0.161835558946
0.74 22197 0.159602821883
0.75 22497 0.157512656568
0.76 22797 0.155333423992
0.77 23097 0.153164379965
0.78 23397 0.151052891337
0.79 23700 0.148887773633
0.8 24000 0.146857133781
0.81 24300 0.14478772534
0.82 24600 0.142823539347
0.83 24900 0.140809073928
0.84 25200 0.138833596784
0.85 25500 0.136860038039
0.86 25800 0.134888349644
0.87 26100 0.133008051335
0.88 26400 0.131138872799
0.89 26700 0.129222098898
0.9 27000 0.127426112656
0.91 27300 0.125563422951
0.92 27600 0.123734902607
0.93 27900 0.12193164849
0.94 28200 0.120155228888
0.95 28500 0.118421454623
0.96 28800 0.116635355994
0.97 29100 0.114973341979
0.98 29400 0.113249056141
0.99 29700 0.111572259998
1.0 30000 0.109834265136
