0.0 0 0.443910314606
0.01 300 0.437263084184
0.02 600 0.430779560711
0.03 900 0.424422277548
0.04 1200 0.418094311887
0.05 1500 0.411990869476
0.06 1800 0.405952720944
0.07 2100 0.400057958982
0.08 2400 0.394253508974
0.09 2700 0.388612875433
0.1 3000 0.382991536319
0.11 3300 0.37754520366
0.12 3600 0.372115934691
0.13 3900 0.366827844998
0.14 4200 0.361684663523
0.15 4500 0.356537570565
0.16 4800 0.351605131304
0.17 5100 0.346584167354
0.18 5400 0.341747167741
0.19 5700 0.337038908031
0.2 6000 0.332369700846
0.21 6300 0.327739867987
0.22 6600 0.323231833051
0.23 6900 0.318745458538
0.24 7200 0.314426718037
0.25 7500 0.309997445905
0.26 7800 0.305774395236
0.27 8100 0.301666526675
0.28 8400 0.297505913595
0.29 8700 0.293471524458
0.3 9000 0.289486176546
0.31 9300 0.285548932101
0.32 9600 0.281665395346
0.33 9900 0.277891241636
0.34 10200 0.274067464633
0.35 10500 0.270418357517
0.36 10800 0.266822342162
0.37 11100 0.263171444683
0.38 11400 0.259674360972
0.39 11700 0.256233086318
0.4 12000 0.252703765248
0.41 12300 0.249411394758
0.42 12600 0.246031936111
0.43 12900 0.242722120152
0.44 13200 0.239474834638
0.45 13500 0.236404979345
0.46 13800 0.23321946352
0.47 14100 0.229927495797
0.48 14400 0.22695798121
0.49 14700 0.223931862339
0.5 15000 0.220901435849
0.51 15300 0.218004831479
0.52 15600 0.21512183091
0.53 15900 0.21223336815
0.54 16200 0.20941080716
0.55 16500 0.206680633161
0.56 16800 0.203833824833
0.57 17097 0.201177956723
0.58 17400 0.19847503449
0.59 17700 0.195828207346
0.6 18000 0.193214563331
0.61 18300 0.190586008127
0.62 18600 0.187964828797
0.63 18900 0.185519536581
0.64 19200 0.182979128861
0.65 19500 0.180551703677
0.66 19800 0.178157684546
0.67 20100 0.175671816447
0.68 20400 0.173319203826
0.69 20697 0.170994480316
0.7 21000 0.168673607944
0.71 21300 0.166326266299
0.72 21600 0.164053046316
0.73 21900 0.161854102314
0.74 22200 0.159632288042
0.75 22500 0.157428047456
0.76 22800 0.155283054646
0.77 23100 0.153175627988
0.78 23400 0.151028269834
0.79 23700 0.148960215882
0.8 24000 0.146899301691
0.81 24300 0.144792238807
0.82 24600 0.142826973534
0.83 24900 0.140782921115
0.84 25200 0.138813918466
0.85 25500 0.136863331624
0.86 25800 0.134974852016
0.87 26100 0.13297662579
0.88 26400 0.131104135526
0.89 26700 0.129251429229
0.9 27000 0.127396196573
0.91 27300 0.125505467388
0.92 27600 0.123704658629
0.93 27900 0.121937542394
0.94 28200 0.120179382508
0.95 28500 0.118403867144
0.96 28800 0.116669953516
0.97 29100 0.114947975301
0.98 29400 0.113220625019
0.99 29700 0.111541687642
1.0 30000 0.109843130243
