0.0 0 0.443910314606
0.01 300 0.437263081224
0.02 600 0.430758022234
0.03 900 0.42436949502
0.04 1200 0.418135921141
0.05 1500 0.412021398144
0.06 1800 0.405972730717
0.07 2100 0.400155818006
0.08 2400 0.394301605281
0.09 2700 0.388584779699
0.1 3000 0.382982237115
0.11 3300 0.377508991997
0.12 3600 0.372115904281
0.13 3900 0.366854038742
0.14 4200 0.361607197938
0.15 4500 0.356486783267
0.16 4800 0.351588395462
0.17 5100 0.346625286593
0.18 5400 0.341723003469
0.19 5700 0.336967959582
0.2 6000 0.332331083193
0.21 6300 0.327724739521
0.22 6600 0.323246964284
0.23 6900 0.318664100062
0.24 7200 0.314375756843
0.25 7500 0.309997482858
0.26 7800 0.305802749348
0.27 8100 0.301576586408
0.28 8400 0.297472129252
0.29 8700 0.293451561018
0.3 9000 0.289367271429
0.31 9300 0.285451353852
0.32 9600 0.281710111873
0.33 9900 0.277809224785
0.34 10200 0.274173324026
0.35 10500 0.270510189885
0.36 10800 0.266768066549
0.37 11100 0.263225065027
0.38 11400 0.259592088775
0.39 11700 0.256198271895
0.4 12000 0.252766276853
0.41 12300 0.249349904163
0.42 12600 0.245998711554
0.43 12900 0.242727519763
0.44 13200 0.239458766087
0.45 13500 0.236219716392
0.46 13800 0.233099092492
0.47 14100 0.230072271383
0.48 14400 0.226937666905
0.49 14700 0.223926797126
0.5 15000 0.221015398759
0.51 15300 0.21796084248
0.52 15600 0.215155547849
0.53 15900 0.212228577435
0.54 16200 0.209406193491
0.55 16500 0.20665776539
0.56 16800 0.203829075529
0.57 17097 0.20116003456
0.58 17400 0.19843912848
0.59 17700 0.195819444505
0.6 18000 0.193214557183
0.61 18300 0.190542996842
0.62 18600 0.188058484592
0.63 18900 0.185549257194
0.64 19200 0.183020563678
0.65 19500 0.180498603014
0.66 19800 0.178113148142
0.67 20100 0.175683875633
0.68 20400 0.173331195207
0.69 20697 0.170998240181
0.7 21000 0.168638972504
0.71 21300 0.166410631115
0.72 21600 0.164139575555
0.73 21900 0.161846635438
0.74 22200 0.159643433989
0.75 22500 0.157461670137
0.76 22800 0.155272290602
0.77 23100 0.153157812192
0.78 23400 0.151045581753
0.79 23700 0.148905402681
0.8 24000 0.146847587543
0.81 24300 0.144802478352
0.82 24600 0.142773284199
0.83 24900 0.14083292082
0.84 25200 0.138801119934
0.85 25500 0.136853774864
0.86 25800 0.134891903136
0.87 26100 0.133005439119
0.88 26400 0.131145318592
0.89 26700 0.129220220692
0.9 27000 0.127399324501
0.91 27300 0.125575895604
0.92 27600 0.123720037478
0.93 27900 0.121898804064
0.94 28200 0.12016465683
0.95 28500 0.118389402459
0.96 28800 0.116658442951
0.97 29100 0.114950925212
0.98 29400 0.113260361453
0.99 29700 0.111524983884
1.0 30000 0.109851569266
