0.0 0 0.0
0.01 0 -0.00880165816327
0.02 0 -0.00387158145065
0.03 0 -0.00229058537504
0.04 0 -0.000695103515735
0.05 0 -0.00159290540541
0.06 0 0.000813240508988
0.07 0 0.00048060230803
0.08 0 0.000501865714571
0.09 0 -1.5051410456e-05
0.1 0 0.000456880650179
0.11 0 0.000183456035759
0.12 0 0.000389344385577
0.13 0 0.000506486512281
0.14 0 0.000296508667003
0.15 0 0.00033598295019
0.16 0 0.00100213721976
0.17 0 0.000684900678057
0.18 0 0.00129322671954
0.19 0 0.00143304524705
0.2 0 0.00149667376691
0.21 0 0.000933235155223
0.22 0 0.00118294011212
0.23 0 0.00114145994308
0.24 0 0.00171731976314
0.25 0 0.00154776832844
0.26 0 0.00140980066672
0.27 0 0.00152949409768
0.28 0 0.00183042694003
0.29 0 0.00235336448537
0.3 0 0.00244881482022
0.31 0 0.0024716291229
0.32 0 0.00194836244045
0.33 0 0.00275727592893
0.34 0 0.00242654375076
0.35 0 0.00185682774353
0.36 0 0.00205875783654
0.37 0 0.00261899436506
0.38 0 0.0028705911751
0.39 0 0.00257892993253
0.4 0 0.00312107275813
0.41 0 0.00263507491824
0.42 0 0.0033389432447
0.43 0 0.00286530748317
0.44 0 0.00324436608076
0.45 0 0.00387389478257
0.46 0 0.00348566481687
0.47 0 0.00370029088349
0.48 0 0.00322690210739
0.49 0 0.00294530925505
0.5 0 0.00392922295553
0.51 0 0.00323773511809
0.52 0 0.00399399644594
0.53 0 0.00418291147569
0.54 0 0.00413600667746
0.55 0 0.00385026967936
0.56 0 0.0036721061769
0.57 0 0.00441483699526
0.58 0 0.00395522493883
0.59 0 0.00424854452818
0.6 0 0.0051797444158
0.61 0 0.00390785650964
0.62 0 0.00439331664798
0.63 0 0.00495452308056
0.64 0 0.00446876889052
0.65 0 0.00455968337057
0.66 0 0.00470464048433
0.67 0 0.00505511487044
0.68 0 0.0052213498049
0.69 0 0.00486414550606
0.7 0 0.0056592050136
0.71 0 0.00474737268356
0.72 0 0.00462109938847
0.73 0 0.00525901180544
0.74 0 0.00522059779869
0.75 0 0.00568786097481
0.76 0 0.00552893851377
0.77 0 0.00534327327747
0.78 0 0.00554020844524
0.79 0 0.00554298458209
0.8 0 0.00540066888641
0.81 0 0.00617949802831
0.82 0 0.00597921530249
0.83 0 0.00606624266813
0.84 0 0.00570686145408
0.85 0 0.00588045495533
0.86 0 0.00660952022398
0.87 0 0.00664770580009
0.88 0 0.00678583653946
0.89 0 0.00686409801169
0.9 0 0.0066251768347
0.91 0 0.00665045658385
0.92 0 0.00670191043882
0.93 0 0.00710802856637
0.94 0 0.0069300875278
0.95 0 0.0072651027887
0.96 0 0.00676834500886
0.97 0 0.00733487774204
0.98 0 0.00735034687654
0.99 0 0.00703369182711
1.0 0 0.00798745713402
