0.0 0 0.0
0.01 0 0.285891620499
0.02 0 0.2816445595
0.03 0 0.281010400365
0.04 0 0.278492961175
0.05 0 0.278753269863
0.06 0 0.278501519401
0.07 0 0.27779073664
0.08 0 0.278542133563
0.09 0 0.277953047225
0.1 0 0.277703638958
0.11 0 0.278839969599
0.12 0 0.278315927733
0.13 0 0.278467605965
0.14 0 0.278243277959
0.15 0 0.277906254308
0.16 0 0.278147650954
0.17 0 0.278236562201
0.18 0 0.278064535803
0.19 0 0.277816356429
0.2 0 0.27781378832
0.21 0 0.278696561808
0.22 0 0.278741873678
0.23 0 0.278578533595
0.24 0 0.278283224961
0.25 0 0.278089048481
0.26 0 0.278304759274
0.27 0 0.278118621978
0.28 0 0.278546900538
0.29 0 0.278584504855
0.3 0 0.278622374496
0.31 0 0.278992316311
0.32 0 0.278484629023
0.33 0 0.278646156322
0.34 0 0.278551214482
0.35 0 0.278393725979
0.36 0 0.278727189478
0.37 0 0.279094273878
0.38 0 0.278550546961
0.39 0 0.278898967059
0.4 0 0.278657507977
0.41 0 0.279245852377
0.42 0 0.278704008217
0.43 0 0.278870875213
0.44 0 0.278983812111
0.45 0 0.278716137324
0.46 0 0.279286532325
0.47 0 0.279385247894
0.48 0 0.278815110605
0.49 0 0.279091931005
0.5 0 0.278846654219
0.51 0 0.278780567669
0.52 0 0.279199523852
0.53 0 0.279162848616
0.54 0 0.279490272203
0.55 0 0.279527943245
0.56 0 0.279231144346
0.57 0 0.279421644369
0.58 0 0.279282638666
0.59 0 0.279682950776
0.6 0 0.279111852223
0.61 0 0.279573130844
0.62 0 0.279474454985
0.63 0 0.279709361244
0.64 0 0.279542690217
0.65 0 0.2796437748
0.66 0 0.279867755447
0.67 0 0.279227515292
0.68 0 0.279642015618
0.69 0 0.279455209984
0.7 0 0.279396478348
0.71 0 0.279969827672
0.72 0 0.280081626339
0.73 0 0.279785525505
0.74 0 0.279925457484
0.75 0 0.279921277971
0.76 0 0.279917551763
0.77 0 0.279967316654
0.78 0 0.279608885427
0.79 0 0.280443468298
0.8 0 0.279902381501
0.81 0 0.279923930851
0.82 0 0.280154444639
0.83 0 0.280274444781
0.84 0 0.280314893342
0.85 0 0.279884561039
0.86 0 0.280227134177
0.87 0 0.280488237117
0.88 0 0.280576286148
0.89 0 0.280470083994
0.9 0 0.280058215794
0.91 0 0.280261389247
0.92 0 0.280348519167
0.93 0 0.28031846282
0.94 0 0.280197558498
0.95 0 0.280280924047
0.96 0 0.280472500008
0.97 0 0.280574493889
0.98 0 0.280519521495
0.99 0 0.281114137777
1.0 0 0.280886309189
