0.0 0 0.0
0.01 0 0.382026500811
0.02 0 0.375862474174
0.03 0 0.373346648301
0.04 0 0.372477768202
0.05 0 0.371984984985
0.06 0 0.371753470831
0.07 0 0.371184546272
0.08 0 0.370832334854
0.09 0 0.37073930625
0.1 0 0.370874648264
0.11 0 0.370853882175
0.12 0 0.370598321229
0.13 0 0.37025068396
0.14 0 0.370700272298
0.15 0 0.370218281625
0.16 0 0.37010090365
0.17 0 0.370095300751
0.18 0 0.37036518395
0.19 0 0.370462324557
0.2 0 0.370101984894
0.21 0 0.370658251495
0.22 0 0.370526409033
0.23 0 0.370624894825
0.24 0 0.37059945789
0.25 0 0.370838902659
0.26 0 0.370403145728
0.27 0 0.370635543525
0.28 0 0.370473716033
0.29 0 0.370381490151
0.3 0 0.370294902388
0.31 0 0.370445727524
0.32 0 0.370360347181
0.33 0 0.370299192824
0.34 0 0.370356597741
0.35 0 0.370535294437
0.36 0 0.37029133243
0.37 0 0.370703723081
0.38 0 0.370275773528
0.39 0 0.370282169946
0.4 0 0.37010971645
0.41 0 0.370552104104
0.42 0 0.370696479805
0.43 0 0.370423304699
0.44 0 0.370579511473
0.45 0 0.370615358132
0.46 0 0.370710631617
0.47 0 0.370222175653
0.48 0 0.37044859513
0.49 0 0.370676535628
0.5 0 0.370529370625
0.51 0 0.370401418738
0.52 0 0.370392454022
0.53 0 0.370553151797
0.54 0 0.370553659643
0.55 0 0.370741766216
0.56 0 0.370543514352
0.57 0 0.370455536545
0.58 0 0.37060145438
0.59 0 0.370675314675
0.6 0 0.370517109723
0.61 0 0.370771865022
0.62 0 0.370973317404
0.63 0 0.370887365158
0.64 0 0.370708589254
0.65 0 0.370732470275
0.66 0 0.370562324863
0.67 0 0.370684864769
0.68 0 0.370578279812
0.69 0 0.370673988384
0.7 0 0.370823006119
0.71 0 0.370788209785
0.72 0 0.370777325812
0.73 0 0.370492626301
0.74 0 0.370763973334
0.75 0 0.370574677337
0.76 0 0.370684929814
0.77 0 0.370682736247
0.78 0 0.370674980143
0.79 0 0.370729568181
0.8 0 0.370608669973
0.81 0 0.370601742836
0.82 0 0.370817341313
0.83 0 0.37083400207
0.84 0 0.370778624145
0.85 0 0.370820832514
0.86 0 0.370552784421
0.87 0 0.370681341048
0.88 0 0.370698679631
0.89 0 0.37094649806
0.9 0 0.370689343211
0.91 0 0.37080314907
0.92 0 0.370680491743
0.93 0 0.370791792768
0.94 0 0.370599954797
0.95 0 0.370898329372
0.96 0 0.370796882289
0.97 0 0.37088605462
0.98 0 0.370741029482
0.99 0 0.370896041024
1.0 0 0.370731250148
