0.0 0 0.424103464094
0.01 300 -0.115677744608
0.02 600 -0.157765815616
0.03 900 -0.181836509974
0.04 1200 -0.198683959329
0.05 1500 -0.19797840392
0.06 1800 -0.198887049055
0.07 2100 -0.202612332503
0.08 2400 -0.206828292704
0.09 2700 -0.210110631532
0.1 3000 -0.206190743957
0.11 3300 -0.208919343441
0.12 3600 -0.211417142625
0.13 3900 -0.211267329065
0.14 4200 -0.213551725087
0.15 4500 -0.214098665457
0.16 4800 -0.21266749703
0.17 5100 -0.212713255212
0.18 5400 -0.213688762177
0.19 5700 -0.214014464967
0.2 6000 -0.213594280699
0.21 6300 -0.216323486218
0.22 6600 -0.216280860106
0.23 6900 -0.215958290505
0.24 7200 -0.216033655246
0.25 7500 -0.217838367068
0.26 7800 -0.216836119378
0.27 8100 -0.216373354217
0.28 8400 -0.216643957603
0.29 8700 -0.217664374189
0.3 9000 -0.2169974324
0.31 9300 -0.218788927682
0.32 9600 -0.21806413512
0.33 9900 -0.219248701697
0.34 10200 -0.218359429896
0.35 10500 -0.217890926716
0.36 10800 -0.218557161061
0.37 11100 -0.218294292831
0.38 11400 -0.218421302399
0.39 11700 -0.218379538874
0.4 12000 -0.218409622695
0.41 12300 -0.218705145377
0.42 12600 -0.217896241889
0.43 12900 -0.21865539376
0.44 13200 -0.218433262357
0.45 13500 -0.219736998193
0.46 13800 -0.219544455651
0.47 14100 -0.219040343535
0.48 14400 -0.219320563515
0.49 14700 -0.219112844841
0.5 15000 -0.219474946431
0.51 15300 -0.219657219236
0.52 15600 -0.219909605985
0.53 15900 -0.219863825579
0.54 16200 -0.219945026489
0.55 16500 -0.219903406306
0.56 16800 -0.219545382073
0.57 17094 -0.219779582466
0.58 17400 -0.220009746326
0.59 17700 -0.219744515879
0.6 18000 -0.219634213251
0.61 18300 -0.220072857676
0.62 18600 -0.220393191693
0.63 18900 -0.219370474759
0.64 19200 -0.220100444202
0.65 19500 -0.220225289043
0.66 19800 -0.220488607747
0.67 20100 -0.220409683235
0.68 20400 -0.219848347685
0.69 20694 -0.220106402549
0.7 21000 -0.220160534543
0.71 21300 -0.220061813394
0.72 21600 -0.220338585171
0.73 21900 -0.220118813527
0.74 22200 -0.219960777322
0.75 22500 -0.220577971701
0.76 22800 -0.220395822113
0.77 23100 -0.219928017442
0.78 23400 -0.220151312373
0.79 23700 -0.220229886267
0.8 24000 -0.220472930793
0.81 24300 -0.22040908049
0.82 24600 -0.219943849444
0.83 24900 -0.220635431068
0.84 25200 -0.220948572703
0.85 25500 -0.220679390227
0.86 25800 -0.220709395947
0.87 26100 -0.220316011242
0.88 26400 -0.22073177138
0.89 26700 -0.220504697077
0.9 27000 -0.220694201555
0.91 27300 -0.220781507227
0.92 27600 -0.220526919142
0.93 27900 -0.220637879398
0.94 28200 -0.220513807434
0.95 28500 -0.220246779278
0.96 28800 -0.220775706873
0.97 29100 -0.220515782539
0.98 29400 -0.220802127114
0.99 29700 -0.220813973397
1.0 30000 -0.220689375602
