0.0 0 0.435505289256
0.01 300 -0.113864163728
0.02 600 -0.165207536088
0.03 900 -0.187159979879
0.04 1200 -0.194359155466
0.05 1500 -0.193816594493
0.06 1800 -0.203671833448
0.07 2100 -0.204058077707
0.08 2400 -0.201342333109
0.09 2700 -0.205833139764
0.1 3000 -0.209984634712
0.11 3300 -0.209317269941
0.12 3600 -0.210547967489
0.13 3900 -0.212222965873
0.14 4200 -0.21385006828
0.15 4500 -0.21335731123
0.16 4800 -0.214987122894
0.17 5100 -0.214240049201
0.18 5400 -0.21409404121
0.19 5700 -0.216113457995
0.2 6000 -0.215824628768
0.21 6300 -0.214352601196
0.22 6600 -0.217479739356
0.23 6900 -0.217615050996
0.24 7200 -0.21739626443
0.25 7500 -0.218371025572
0.26 7800 -0.216570408421
0.27 8100 -0.217420619954
0.28 8400 -0.216244785669
0.29 8700 -0.217437548187
0.3 9000 -0.21839499168
0.31 9300 -0.21843894496
0.32 9600 -0.218276205743
0.33 9900 -0.218178332103
0.34 10200 -0.216808209008
0.35 10500 -0.218647037218
0.36 10800 -0.219118686634
0.37 11100 -0.218411851863
0.38 11400 -0.21844985337
0.39 11700 -0.218481320043
0.4 12000 -0.218953338561
0.41 12300 -0.218923171942
0.42 12600 -0.219101137905
0.43 12900 -0.219315886386
0.44 13200 -0.219279119908
0.45 13500 -0.219436699535
0.46 13800 -0.219029199301
0.47 14100 -0.219781371354
0.48 14400 -0.21899879286
0.49 14700 -0.218751451935
0.5 15000 -0.219341719475
0.51 15300 -0.219477354915
0.52 15600 -0.219187041562
0.53 15900 -0.219162049884
0.54 16200 -0.219665477827
0.55 16500 -0.219542396508
0.56 16800 -0.219870559143
0.57 17094 -0.21997527015
0.58 17400 -0.22020728261
0.59 17700 -0.219938957614
0.6 18000 -0.220075464968
0.61 18300 -0.220122171345
0.62 18600 -0.219642819653
0.63 18900 -0.22007551911
0.64 19200 -0.220133022235
0.65 19500 -0.219882357966
0.66 19800 -0.219915502282
0.67 20100 -0.219785937864
0.68 20400 -0.219620583767
0.69 20694 -0.220199106893
0.7 21000 -0.220445001764
0.71 21300 -0.219999318952
0.72 21600 -0.220519330723
0.73 21900 -0.220267300536
0.74 22200 -0.220233234513
0.75 22500 -0.219960897505
0.76 22800 -0.220106790713
0.77 23100 -0.220052439278
0.78 23400 -0.220433625484
0.79 23700 -0.220539221866
0.8 24000 -0.220699983507
0.81 24300 -0.220354614184
0.82 24600 -0.220239546612
0.83 24900 -0.220233633859
0.84 25200 -0.220756347688
0.85 25500 -0.219995494681
0.86 25800 -0.220269671956
0.87 26100 -0.220775834183
0.88 26400 -0.220106964704
0.89 26700 -0.220753247782
0.9 27000 -0.220301810194
0.91 27300 -0.220706722285
0.92 27600 -0.219998752458
0.93 27900 -0.220352954334
0.94 28200 -0.220700595373
0.95 28500 -0.220760374291
0.96 28800 -0.220772601466
0.97 29100 -0.22090185553
0.98 29400 -0.220573334864
0.99 29700 -0.220877113513
1.0 30000 -0.220822388445
