0.0 0 0.437392857143
0.01 300 -0.0946314097049
0.02 600 -0.165894335261
0.03 900 -0.186260348489
0.04 1200 -0.191959433605
0.05 1500 -0.195207711248
0.06 1800 -0.201903001654
0.07 2100 -0.203476215937
0.08 2400 -0.206290580933
0.09 2700 -0.208923319935
0.1 3000 -0.210253699116
0.11 3300 -0.210280987859
0.12 3600 -0.212866380808
0.13 3900 -0.211739717072
0.14 4200 -0.213833477359
0.15 4500 -0.214376159933
0.16 4800 -0.213083121432
0.17 5100 -0.215133598287
0.18 5400 -0.215433956763
0.19 5700 -0.214831201147
0.2 6000 -0.215398065672
0.21 6300 -0.215003751777
0.22 6600 -0.214997823274
0.23 6900 -0.217211721521
0.24 7200 -0.216027186635
0.25 7500 -0.216870766383
0.26 7800 -0.216143497654
0.27 8100 -0.217515080167
0.28 8400 -0.217897465438
0.29 8700 -0.217200306453
0.3 9000 -0.217575757024
0.31 9300 -0.217664066437
0.32 9600 -0.217579264112
0.33 9900 -0.217919052444
0.34 10200 -0.218676467824
0.35 10500 -0.217521281719
0.36 10800 -0.218005210643
0.37 11100 -0.218409653543
0.38 11400 -0.218341191274
0.39 11700 -0.21876529759
0.4 12000 -0.217911240792
0.41 12300 -0.2189742269
0.42 12600 -0.21957093006
0.43 12900 -0.218398641791
0.44 13200 -0.218825797323
0.45 13500 -0.218756319266
0.46 13800 -0.219320043615
0.47 14100 -0.219544468061
0.48 14400 -0.219642734549
0.49 14700 -0.219251494929
0.5 15000 -0.219425837844
0.51 15300 -0.219529339713
0.52 15600 -0.219823911009
0.53 15900 -0.219487951659
0.54 16200 -0.219337422112
0.55 16500 -0.219660521816
0.56 16800 -0.219312727896
0.57 17094 -0.220090860768
0.58 17400 -0.219781378767
0.59 17700 -0.219520727325
0.6 18000 -0.219671184695
0.61 18300 -0.219636394279
0.62 18600 -0.220031108162
0.63 18900 -0.219605601391
0.64 19200 -0.220196990233
0.65 19500 -0.219678895457
0.66 19800 -0.219646619217
0.67 20100 -0.219880877994
0.68 20400 -0.219553237009
0.69 20694 -0.220554296791
0.7 21000 -0.220034337236
0.71 21300 -0.220061779694
0.72 21600 -0.220087778243
0.73 21900 -0.22060057985
0.74 22200 -0.220019648193
0.75 22500 -0.220017481183
0.76 22800 -0.220338257013
0.77 23100 -0.220160069457
0.78 23400 -0.219838434727
0.79 23700 -0.220344878202
0.8 24000 -0.220390376104
0.81 24300 -0.220558179595
0.82 24600 -0.219861405477
0.83 24900 -0.220875682814
0.84 25200 -0.220388132943
0.85 25500 -0.220408505826
0.86 25800 -0.220115764514
0.87 26100 -0.220494137202
0.88 26400 -0.22078852208
0.89 26700 -0.220875683678
0.9 27000 -0.220075896697
0.91 27300 -0.220879155825
0.92 27600 -0.220529092311
0.93 27900 -0.220761129824
0.94 28200 -0.220206502801
0.95 28500 -0.220737611046
0.96 28800 -0.220751376689
0.97 29100 -0.220556479363
0.98 29400 -0.22055058406
0.99 29700 -0.220765425508
1.0 30000 -0.220445499881
