0.0 0 1.33306400783 0
0.01 300 1.33306400783 0.0
0.02 600 1.33306400783 0.0
0.03 900 1.33306400783 0.0
0.04 1200 1.33306400783 0.0
0.05 1500 1.33306400783 0.0
0.06 1800 1.33306400783 0.0
0.07 2100 1.33306400783 0.0
0.08 2400 1.33306400783 0.0
0.09 2700 1.33306400783 0.0
0.1 3000 1.33306400783 0.0
0.11 3300 1.33306400783 0.0
0.12 3600 1.33306400783 0.0
0.13 3900 1.33306400783 0.0
0.14 4200 1.33306400783 0.0
0.15 4500 1.33306400783 0.0
0.16 4800 1.33306400783 0.0
0.17 5100 1.33306400783 0.0
0.18 5400 1.33306400783 0.0
0.19 5700 1.33306400783 0.0
0.2 6000 1.33306400783 0.0
0.21 6300 1.33306400783 0.0
0.22 6600 1.33306400783 0.0
0.23 6900 1.33306400783 0.0
0.24 7200 1.33306400783 0.0
0.25 7500 1.33306400783 0.0
0.26 7800 1.33306400783 0.0
0.27 8100 1.33306400783 0.0
0.28 8400 1.33306400783 0.0
0.29 8700 1.33306400783 0.0
0.3 9000 1.33306400783 0.0
0.31 9300 1.33306400783 0.0
0.32 9600 1.33306400783 0.0
0.33 9900 1.33306400783 0.0
0.34 10200 1.33306400783 0.0
0.35 10500 1.33306400783 0.0
0.36 10800 1.33306400783 0.0
0.37 11100 1.33306400783 0.0
0.38 11400 1.33306400783 0.0
0.39 11700 1.33306400783 0.0
0.4 12000 1.33306400783 0.0
0.41 12300 1.33306400783 0.0
0.42 12600 1.33306400783 0.0
0.43 12900 1.33306400783 0.0
0.44 13200 1.33306400783 0.0
0.45 13500 1.33306400783 0.0
0.46 13800 1.33306400783 0.0
0.47 14100 1.33306400783 0.0
0.48 14400 1.33306400783 0.0
0.49 14700 1.33306400783 0.0
0.5 15000 1.33306400783 0.0
0.51 15300 1.33306400783 0.0
0.52 15600 1.33306400783 0.0
0.53 15900 1.33306400783 0.0
0.54 16200 1.33306400783 0.0
0.55 16500 1.33306400783 0.0
0.56 16800 1.33306400783 0.0
0.57 17094 1.33306400783 0.0
0.58 17400 1.33306400783 0.0
0.59 17700 1.33306400783 0.0
0.6 18000 1.33306400783 0.0
0.61 18300 1.33306400783 0.0
0.62 18600 1.33306400783 0.0
0.63 18900 1.33306400783 0.0
0.64 19200 1.33306400783 0.0
0.65 19500 1.33306400783 0.0
0.66 19800 1.33306400783 0.0
0.67 20100 1.33306400783 0.0
0.68 20400 1.33306400783 0.0
0.69 20694 1.33306400783 0.0
0.7 21000 1.33306400783 0.0
0.71 21300 1.33306400783 0.0
0.72 21600 1.33306400783 0.0
0.73 21900 1.33306400783 0.0
0.74 22200 1.33306400783 0.0
0.75 22500 1.33306400783 0.0
0.76 22800 1.33306400783 0.0
0.77 23100 1.33306400783 0.0
0.78 23400 1.33306400783 0.0
0.79 23700 1.33306400783 0.0
0.8 24000 1.33306400783 0.0
0.81 24300 1.33306400783 0.0
0.82 24600 1.33306400783 0.0
0.83 24900 1.33306400783 0.0
0.84 25200 1.33306400783 0.0
0.85 25500 1.33306400783 0.0
0.86 25800 1.33306400783 0.0
0.87 26100 1.33306400783 0.0
0.88 26400 1.33306400783 0.0
0.89 26700 1.33306400783 0.0
0.9 27000 1.33306400783 0.0
0.91 27300 1.33306400783 0.0
0.92 27600 1.33306400783 0.0
0.93 27900 1.33306400783 0.0
0.94 28200 1.33306400783 0.0
0.95 28500 1.33306400783 0.0
0.96 28800 1.33306400783 0.0
0.97 29100 1.33306400783 0.0
0.98 29400 1.33306400783 0.0
0.99 29700 1.33306400783 0.0
1.0 30000 1.33306400783 0.0
