0.0 0 0.0
0.01 0 -0.12025
0.02 0 -0.109294232823
0.03 0 -0.1056003125
0.04 0 -0.104877743484
0.05 0 -0.103603657452
0.06 0 -0.102293149776
0.07 0 -0.101939156717
0.08 0 -0.101711194078
0.09 0 -0.101415446798
0.1 0 -0.101433664882
0.11 0 -0.101218850308
0.12 0 -0.100523843608
0.13 0 -0.100344254025
0.14 0 -0.100739473798
0.15 0 -0.100487498242
0.16 0 -0.100462641396
0.17 0 -0.0997117026597
0.18 0 -0.0998485470044
0.19 0 -0.0999152775936
0.2 0 -0.0999713672724
0.21 0 -0.100234444381
0.22 0 -0.0999679612246
0.23 0 -0.100752744014
0.24 0 -0.0999951282261
0.25 0 -0.100329022316
0.26 0 -0.100255862726
0.27 0 -0.0999472796256
0.28 0 -0.0999977993611
0.29 0 -0.0995711746451
0.3 0 -0.0993978483395
0.31 0 -0.0992632163958
0.32 0 -0.0989642967876
0.33 0 -0.0996139829023
0.34 0 -0.0994147896638
0.35 0 -0.0992427668099
0.36 0 -0.0991710931109
0.37 0 -0.0987800074309
0.38 0 -0.0985327502554
0.39 0 -0.0986889651335
0.4 0 -0.0988121066733
0.41 0 -0.0993805279903
0.42 0 -0.0988772488061
0.43 0 -0.0989362822598
0.44 0 -0.0989624378005
0.45 0 -0.0984163732136
0.46 0 -0.0987531123929
0.47 0 -0.0983587512422
0.48 0 -0.0985352012393
0.49 0 -0.0984231355634
0.5 0 -0.098504396972
0.51 0 -0.0982995147969
0.52 0 -0.0980054378608
0.53 0 -0.0978104828294
0.54 0 -0.0981262840425
0.55 0 -0.0977104214651
0.56 0 -0.0976927374374
0.57 0 -0.0976669736403
0.58 0 -0.0976403331841
0.59 0 -0.0977417930944
0.6 0 -0.097132344477
0.61 0 -0.0977366471295
0.62 0 -0.0976458746334
0.63 0 -0.09728356213
0.64 0 -0.0974496980002
0.65 0 -0.097422361556
0.66 0 -0.097209183679
0.67 0 -0.097636949959
0.68 0 -0.0970455236884
0.69 0 -0.0972722752065
0.7 0 -0.0970594608708
0.71 0 -0.0970709899649
0.72 0 -0.0967927423763
0.73 0 -0.0971056113679
0.74 0 -0.0963877760445
0.75 0 -0.096706385904
0.76 0 -0.0963259700021
0.77 0 -0.0965188203937
0.78 0 -0.0962544558411
0.79 0 -0.0962014651316
0.8 0 -0.0963864803819
0.81 0 -0.0961325007412
0.82 0 -0.0960979892726
0.83 0 -0.0963144423113
0.84 0 -0.0961174345837
0.85 0 -0.0956761989236
0.86 0 -0.0959980662081
0.87 0 -0.0960172583671
0.88 0 -0.0962251447283
0.89 0 -0.0958415722177
0.9 0 -0.0958507498507
0.91 0 -0.0954773848347
0.92 0 -0.0958615512744
0.93 0 -0.0955326375038
0.94 0 -0.0955804242146
0.95 0 -0.0951372191569
0.96 0 -0.0955877504132
0.97 0 -0.0952983668065
0.98 0 -0.0950646615147
0.99 0 -0.0953703645344
1.0 0 -0.0951218823839
