0.0 0 0.0
0.01 0 -0.00875446428571
0.02 0 -0.00288014408196
0.03 0 -0.00222633864547
0.04 0 -0.00157268336419
0.05 0 -0.00133756775555
0.06 0 0.000154766973257
0.07 0 0.000162030163901
0.08 0 0.000368791632423
0.09 0 0.00123418184909
0.1 0 0.00130866724381
0.11 0 -9.16399939035e-06
0.12 0 0.000123368193361
0.13 0 -4.43484189113e-05
0.14 0 8.23980453935e-05
0.15 0 0.000559109486296
0.16 0 0.000544287183712
0.17 0 0.0010661120429
0.18 0 0.000640275094476
0.19 0 0.00157880504806
0.2 0 0.00130711359519
0.21 0 0.00103801592012
0.22 0 0.00199079633455
0.23 0 0.00157830844717
0.24 0 0.00146446924055
0.25 0 0.00191220618963
0.26 0 0.00201476110852
0.27 0 0.00176683936202
0.28 0 0.00214267113912
0.29 0 0.00290401781126
0.3 0 0.00221548872993
0.31 0 0.00194225930692
0.32 0 0.00198194071807
0.33 0 0.00236420484703
0.34 0 0.00236718600336
0.35 0 0.00204170200048
0.36 0 0.00268441805123
0.37 0 0.00281025293339
0.38 0 0.00282125521656
0.39 0 0.00316886306576
0.4 0 0.00289652743296
0.41 0 0.00304396695962
0.42 0 0.00288215136939
0.43 0 0.00314140579097
0.44 0 0.00302670189408
0.45 0 0.00311522964364
0.46 0 0.00356504087423
0.47 0 0.00373924614074
0.48 0 0.0036811657307
0.49 0 0.00308670941313
0.5 0 0.00356654140411
0.51 0 0.00331276517907
0.52 0 0.00374689433185
0.53 0 0.00385514819251
0.54 0 0.00408431785378
0.55 0 0.00371935466935
0.56 0 0.00420898209711
0.57 0 0.00431692525663
0.58 0 0.00417635817274
0.59 0 0.00383862639622
0.6 0 0.00455104781851
0.61 0 0.00458619900629
0.62 0 0.00487771842818
0.63 0 0.00472488169143
0.64 0 0.00436812187868
0.65 0 0.00497211429097
0.66 0 0.00452491195973
0.67 0 0.00462949279349
0.68 0 0.00475019386196
0.69 0 0.00539589906488
0.7 0 0.00516059398071
0.71 0 0.00559847409147
0.72 0 0.00508068220067
0.73 0 0.00551991101432
0.74 0 0.0054265506169
0.75 0 0.00516305314554
0.76 0 0.00568189600262
0.77 0 0.00560626130465
0.78 0 0.00592803642699
0.79 0 0.00530758942527
0.8 0 0.00603110059688
0.81 0 0.00586899736182
0.82 0 0.00660285443108
0.83 0 0.00624453255608
0.84 0 0.00609180450804
0.85 0 0.00627581636397
0.86 0 0.00664051375839
0.87 0 0.0065130381158
0.88 0 0.00657558609005
0.89 0 0.00734370600801
0.9 0 0.00708002269876
0.91 0 0.0071196276046
0.92 0 0.0065066451572
0.93 0 0.00704992937228
0.94 0 0.00694041016441
0.95 0 0.00689724844748
0.96 0 0.00679310458749
0.97 0 0.00734514273312
0.98 0 0.00726967137647
0.99 0 0.00756423913422
1.0 0 0.00740674125822
