0.0 0 0.0
0.01 0 0.0781004162331
0.02 0 0.0843430335097
0.03 0 0.0862007756233
0.04 0 0.0849730834961
0.05 0 0.086500430475
0.06 0 0.087486845131
0.07 0 0.0846765110241
0.08 0 0.0851691330141
0.09 0 0.0862665414161
0.1 0 0.0855034322073
0.11 0 0.0863704410906
0.12 0 0.0862848795067
0.13 0 0.0864557596297
0.14 0 0.0853648160275
0.15 0 0.0865404763448
0.16 0 0.0858636277302
0.17 0 0.0866965101145
0.18 0 0.0870331814294
0.19 0 0.0867141256101
0.2 0 0.0867327287884
0.21 0 0.0865091954602
0.22 0 0.0865276205417
0.23 0 0.0871147635348
0.24 0 0.0871082100975
0.25 0 0.08697037917
0.26 0 0.0875109694036
0.27 0 0.0875739696235
0.28 0 0.0872974291969
0.29 0 0.0876536165554
0.3 0 0.0875128561955
0.31 0 0.0879664262665
0.32 0 0.0872573736497
0.33 0 0.0881050685654
0.34 0 0.0872656044349
0.35 0 0.0878585368449
0.36 0 0.0879232536674
0.37 0 0.0877796810975
0.38 0 0.0883860733042
0.39 0 0.0883856341612
0.4 0 0.0884544074587
0.41 0 0.0882826218155
0.42 0 0.0884881364642
0.43 0 0.0887517121357
0.44 0 0.0883282323144
0.45 0 0.0884639774516
0.46 0 0.0881652425669
0.47 0 0.0884935054148
0.48 0 0.0892149726948
0.49 0 0.0885695839403
0.5 0 0.0887950651438
0.51 0 0.0889207722811
0.52 0 0.0886320804841
0.53 0 0.0896335002249
0.54 0 0.0893236096512
0.55 0 0.0896431868641
0.56 0 0.0899443969862
0.57 0 0.0891714492808
0.58 0 0.0888798659144
0.59 0 0.0897021418282
0.6 0 0.0898972382234
0.61 0 0.0898074057315
0.62 0 0.0895960406042
0.63 0 0.0900744460094
0.64 0 0.0899282303307
0.65 0 0.0897524671284
0.66 0 0.0902080685421
0.67 0 0.0910958077322
0.68 0 0.0902771593221
0.69 0 0.0904929600883
0.7 0 0.0904260440057
0.71 0 0.0902355104417
0.72 0 0.0906456312936
0.73 0 0.090935422195
0.74 0 0.09100875744
0.75 0 0.0905454416552
0.76 0 0.0909536341151
0.77 0 0.0911263645797
0.78 0 0.0907941758926
0.79 0 0.0906094604614
0.8 0 0.0916703334461
0.81 0 0.0914294172838
0.82 0 0.0911418114749
0.83 0 0.0915265732714
0.84 0 0.0913961430381
0.85 0 0.091964736823
0.86 0 0.091425573659
0.87 0 0.0915941853384
0.88 0 0.0909685075411
0.89 0 0.0918878754014
0.9 0 0.0919793573207
0.91 0 0.0917438627507
0.92 0 0.0921231117463
0.93 0 0.0919031620038
0.94 0 0.0920252297245
0.95 0 0.0924488777327
0.96 0 0.0920106490331
0.97 0 0.0922322783867
0.98 0 0.092870668748
0.99 0 0.0922686259205
1.0 0 0.0923675958693
