0.0 0 0.0
0.01 0 0.221814429012
0.02 0 0.224978607619
0.03 0 0.222559519542
0.04 0 0.223467905405
0.05 0 0.223927503533
0.06 0 0.221978978979
0.07 0 0.22282184225
0.08 0 0.221965604417
0.09 0 0.222191328365
0.1 0 0.222963540408
0.11 0 0.222690412094
0.12 0 0.223466597171
0.13 0 0.222892865777
0.14 0 0.222698455787
0.15 0 0.223006974367
0.16 0 0.222980652385
0.17 0 0.222938834157
0.18 0 0.223658045113
0.19 0 0.223361903434
0.2 0 0.223285858982
0.21 0 0.223045350122
0.22 0 0.223634315048
0.23 0 0.223642039925
0.24 0 0.223583146391
0.25 0 0.222959178378
0.26 0 0.223459435854
0.27 0 0.223103960543
0.28 0 0.223276963464
0.29 0 0.2232390955
0.3 0 0.223725929057
0.31 0 0.22412995619
0.32 0 0.223177956821
0.33 0 0.223326338975
0.34 0 0.224174395979
0.35 0 0.223819748242
0.36 0 0.223384835076
0.37 0 0.223777361618
0.38 0 0.224317489047
0.39 0 0.223329249342
0.4 0 0.223642535564
0.41 0 0.223703088019
0.42 0 0.224191111233
0.43 0 0.22436062108
0.44 0 0.224230481361
0.45 0 0.224582081018
0.46 0 0.224219894751
0.47 0 0.224342933978
0.48 0 0.224545576516
0.49 0 0.224407495755
0.5 0 0.224523212882
0.51 0 0.224301020946
0.52 0 0.224542847231
0.53 0 0.224838941771
0.54 0 0.224334086352
0.55 0 0.224548859797
0.56 0 0.224719628966
0.57 0 0.224529675987
0.58 0 0.224551579496
0.59 0 0.224922028042
0.6 0 0.225069248142
0.61 0 0.224994003465
0.62 0 0.22491069383
0.63 0 0.224954741245
0.64 0 0.224756637039
0.65 0 0.22459078779
0.66 0 0.225093817502
0.67 0 0.225226820543
0.68 0 0.22515568974
0.69 0 0.224791299062
0.7 0 0.225238494742
0.71 0 0.225364635941
0.72 0 0.224782460279
0.73 0 0.225384320039
0.74 0 0.225502549321
0.75 0 0.225397506706
0.76 0 0.225515960141
0.77 0 0.225784990387
0.78 0 0.225913049246
0.79 0 0.225993344625
0.8 0 0.225664282054
0.81 0 0.225341849433
0.82 0 0.226270565265
0.83 0 0.226144816268
0.84 0 0.226310798778
0.85 0 0.225639216817
0.86 0 0.225808360019
0.87 0 0.225879354407
0.88 0 0.226390336231
0.89 0 0.226224205147
0.9 0 0.226312125915
0.91 0 0.226422089903
0.92 0 0.226683097644
0.93 0 0.226564540914
0.94 0 0.226344699804
0.95 0 0.22625798413
0.96 0 0.226314067482
0.97 0 0.22618918433
0.98 0 0.226770225465
0.99 0 0.226453114825
1.0 0 0.226669903095
